1 0.999
2 0.2505485007742098
3 0.24622567184146993
4 0.2597272788075918
5 0.2738940341484473
6 0.2853320198498399
7 0.29458216031627504
8 0.2883270348575817
9 0.291325874723299
10 0.29564550754542374
11 0.29567284196117416
12 0.2956919222212888
13 0.2951913783625174
14 0.29419477376589037
15 0.29310286639008737
16 0.2847661227719065
17 0.28000446621939123
18 0.2747516298488865
19 0.26993177060575946
20 0.2656336492423713
21 0.26032434433526913
22 0.2564123145550657
23 0.25020242708712015
24 0.24545616926771327
25 0.23886811892419063
26 0.2344057745203183
27 0.22954192640630738
28 0.2248043862843437
29 0.2211956753423122
30 0.217732945272297
31 0.21406118164396978
32 0.21044687758017164
33 0.20659505274487805
34 0.2033201406874391
35 0.1998567507769475
36 0.1965714478913555
37 0.19341519846349026
38 0.19012995560591017
39 0.18731433110504037
40 0.18386294911575823
41 0.18056060910652627
42 0.17763190540363236
43 0.1744649901899001
44 0.17142230450343984
45 0.16865380619202736
46 0.16570565392171924
47 0.16285342090333074
48 0.16039013581065384
49 0.15745491038213846
50 0.1548809992131316
51 0.15188009945954178
52 0.1497291600581852
53 0.14709217527151916
54 0.14431102726491077
55 0.14189557670227707
56 0.13988606902507447
57 0.13772464451518523
58 0.13526997838644125
59 0.13260166632678969
60 0.13023170472297121
61 0.1280950816222854
62 0.12592782517561124
63 0.12395705878361757
64 0.12157844509218399
65 0.11963857900795513
66 0.11798646241651455
67 0.11618270619223865
68 0.1141046713194466
69 0.11243819264021584
70 0.11045296030801059
71 0.10828790482207472
72 0.10637320606201685
73 0.10476806036370107
74 0.10319535984570775
75 0.10142206713580676
76 0.09980034026048365
77 0.09826544505233749
78 0.09670498118804505
79 0.09522260504149936
80 0.09360135811433504
81 0.09197913293264982
82 0.09078898655043685
83 0.08912465021146074
84 0.08758811484433233
85 0.0864415382430085
86 0.08519318386042533
87 0.08360252354444189
88 0.0822350407914183
89 0.08073546139112542
90 0.07928576332655755
91 0.0781074228207798
92 0.07693682024880588
93 0.07569051688272067
94 0.07465381018963382
95 0.07332742867837992
96 0.07204846512019099
97 0.07076026634041256
98 0.06965569759371026
99 0.06852767303073146
100 0.06754330580228642
101 0.06662583713445111
102 0.06556350646866439
103 0.06445477185538488
104 0.06367605046855192
105 0.06250836767419175
106 0.061352267565166006
107 0.060379040223192536
108 0.0595255814600227
109 0.05856895332067564
110 0.057457693342143505
111 0.05662911471307556
112 0.05570263894550566
113 0.05495599468257048
114 0.054115085589930556
115 0.05329435913675418
116 0.05246173402274488
117 0.051730072413764774
118 0.05096920610494052
119 0.05028732512799042
120 0.04960455768493557
121 0.048925021889299695
122 0.04829877905569873
123 0.047587175770644675
124 0.04702207769434476
125 0.04623366605580726
126 0.045495220209749006
127 0.044939717252212845
128 0.0442695188699483
129 0.04379797863213022
130 0.04326586217857325
131 0.04269707075742982
132 0.04207213597665443
133 0.041520987776370866
134 0.04095764431764334
135 0.04046389901291604
136 0.040019799392625496
137 0.03954441142236
138 0.03911751196796995
139 0.03867439927158413
140 0.03826086210477169
141 0.037805241839437606
142 0.03741888897259628
143 0.037047897829354984
144 0.036617625930531916
145 0.0362255501637539
146 0.035841137877411965
147 0.03550474101279548
148 0.03509965773184646
149 0.03477130122536845
150 0.03447877778588878
151 0.034203418322797656
152 0.03390052220374281
153 0.03355769586078517
154 0.03325107501353735
155 0.03292613844236817
156 0.032730353297694574
157 0.032496214384353864
158 0.032257915706179814
159 0.03199159244676311
160 0.03166380001012897
161 0.031411607388825306
162 0.03113468352562701
163 0.030818743245173735
164 0.030619690650600224
165 0.03036781573185546
166 0.03016630897143828
167 0.029909697767776626
168 0.029717217550648534
169 0.029519383133294597
170 0.029342956211157338
171 0.029197711254850958
172 0.028990433071187868
173 0.028789530853391157
174 0.02856681796787776
175 0.028404498120399215
176 0.028277985817854515
177 0.02809051720324208
178 0.027895819148215394
179 0.027698117595823146
180 0.02759826738556949
181 0.027390634255760122
182 0.02716718382589074
183 0.02700834516662112
184 0.026922539579645306
185 0.026741097157281898
186 0.026662766469128615
187 0.026465006240435834
188 0.02638685979539617
189 0.02624821815698189
190 0.026137896781596608
191 0.026035452214578068
192 0.025931185377234354
193 0.025872163755229532
194 0.02578043619829339
195 0.02567164443885527
196 0.0255385840184734
197 0.02545150457304578
198 0.025365477996362677
199 0.025274354861645594
200 0.025176474344004007
201 0.02504549054772784
202 0.02494861255083154
203 0.024871255923695938
204 0.024829242595143217
205 0.024661973809373038
206 0.02460040623868186
207 0.02453019939070543
208 0.024470055730909854
209 0.024419161845885176
210 0.024348509196174532
211 0.024313974152255446
212 0.024247072608970258
213 0.02416043888715489
214 0.024143444281961572
215 0.023987834698385196
216 0.023923278779436546
217 0.023815402532265596
218 0.023714998016054
219 0.023619084388443824
220 0.023568026266268614
221 0.023435915780569173
222 0.02344269513250754
223 0.023384682446505003
224 0.023293168133420566
225 0.023216500325166506
226 0.023204018574429153
227 0.0231458631059786
228 0.02307821731934949
229 0.023071865929792587
230 0.02301142449991315
231 0.02297142623338438
232 0.02295919071347759
233 0.02289668231049381
234 0.022864757191559545
235 0.0228631528038387
236 0.022796501413899075
237 0.022771688574393052
238 0.02270374980283361
239 0.0226510776385696
240 0.02268320521807547
241 0.022632470854304
242 0.022600467916036544
243 0.022516906885031055
244 0.02251976412799614
245 0.022525657336339735
246 0.02247808571315889
247 0.022479012054282075
248 0.02251459560749554
249 0.02251988780370561
250 0.0224596347125338
251 0.022477441528960314
252 0.022496028740334836
253 0.02246181689025896
254 0.02246229788087186
255 0.02243759810853652
256 0.022461241920377906
257 0.02246974189958152
258 0.02245857307493364
259 0.022432099999531975
260 0.022422670641983233
261 0.022397617341877604
262 0.022364774933459744
263 0.022394137779067347
264 0.022347777393588338
265 0.02233751129822846
266 0.022332450147092384
267 0.022353614619493176
268 0.0223264445181429
269 0.02224829049853936
270 0.022236570077239247
271 0.022145229119799832
272 0.02214450644218002
273 0.02210978584964733
274 0.022074696882565192
275 0.02203673525107971
276 0.02200331853372814
277 0.022028660867955435
278 0.021992328931773122
279 0.021987569887284793
280 0.021969906051997067
281 0.021957274886474844
282 0.0219393223007475
283 0.021902061549046233
284 0.021925307127358223
285 0.02188939387695614
286 0.021908255607321226
287 0.021871807282312583
288 0.021792792583113646
289 0.021769891376823346
290 0.02173685465381976
291 0.02176133680922271
292 0.021828381018083275
293 0.021845741491977766
294 0.021855294306726423
295 0.021840120561389873
296 0.021839255124599343
297 0.021811575937065893
298 0.02181989075392741
299 0.021768657060529377
300 0.02173054232971942
