1 0.0
2 0.12199999999999973
3 0.29043333333333365
4 0.44023333333333187
5 0.565959523809523
6 0.6200184704184701
7 0.6723981240981238
8 0.7169997835497831
9 0.7465418359418352
10 0.7698439393939382
11 0.789249139749139
12 0.7998492990669465
13 0.8055163524641848
14 0.8177918572569493
15 0.8192793025515928
16 0.8241497513494401
17 0.8279218321925745
18 0.8276382400165896
19 0.8273937839860902
20 0.8270327171990468
21 0.8234695461106756
22 0.8172451811655839
23 0.8121428701245319
24 0.8097812158015291
25 0.8080686035156293
26 0.8026808542174269
27 0.8038379192378369
28 0.8012117043491489
29 0.7941032495217274
30 0.7875570235963726
31 0.7817070346786705
32 0.77407403755909
33 0.7690074364532385
34 0.7675534366658471
35 0.764406569363592
36 0.7623738157995318
37 0.760993786422096
38 0.7572632605405414
39 0.7532223092147945
40 0.749173294404761
41 0.7457885238780873
42 0.7433138801295315
43 0.7391941028290623
44 0.7374500419971589
45 0.7376396704099887
46 0.7352371396426385
47 0.7340822386478727
48 0.7299327576068171
49 0.7287418685014541
50 0.7262596482512189
51 0.7202620028348273
52 0.7173941881180766
53 0.7140050420776715
54 0.7088869919822005
55 0.7067375374948918
56 0.7042240676229492
57 0.6982976828333128
58 0.6973641150668017
59 0.6951195651901354
60 0.6913444223010435
61 0.6863838361792745
62 0.6838346486229196
63 0.6804290559238729
64 0.6776312193296968
65 0.67486715002377
66 0.67147828481919
67 0.6669325801361115
68 0.6619044237127546
69 0.6581778126504123
70 0.6533286600693646
71 0.6490049730053913
72 0.6454740780768251
73 0.6399260752501549
74 0.6371631861848075
75 0.6339163320195167
76 0.6306163163577705
77 0.6284194481080312
78 0.6240744313865181
79 0.6210822715332864
80 0.6187649552394201
81 0.6160921420914143
82 0.612090259678681
83 0.608864217049456
84 0.6056855297367332
85 0.6026914840122811
86 0.5998242420789951
87 0.5968881725581912
88 0.5932037282670629
89 0.5905401159634337
90 0.5868468517308362
91 0.5841045588940639
92 0.5812466355301447
93 0.5785592238442072
94 0.5750133876043277
95 0.570843739909999
96 0.5675844458775192
97 0.5647639163952064
98 0.561450231008823
99 0.557126937591655
100 0.553338327216047
101 0.5494916456657137
102 0.5450203954919223
103 0.5413729943719648
104 0.5375756990926435
105 0.5336749210859884
106 0.5310001485300698
107 0.5268434200113141
108 0.5233981103385262
109 0.5187025184349016
110 0.5154775670724043
111 0.5111900761504433
112 0.5072231088580536
113 0.5029323767870837
114 0.4983446279565719
115 0.494488964814951
116 0.49142580390405627
117 0.48746840768743294
118 0.48313173661150455
119 0.48000539257857355
120 0.4755652349292955
121 0.47171781317141576
122 0.46832324185900664
123 0.46473117335611425
124 0.46103470382023326
125 0.4575903628045542
126 0.45371747847657423
127 0.44952705408433347
128 0.4461904537100195
129 0.4412178792021573
130 0.4385833687786016
131 0.4341099211614678
132 0.43096744607610715
133 0.427844412893023
134 0.42369904479867754
135 0.4192079663862169
136 0.4163310893649649
137 0.4128938368244092
138 0.4095683403566432
139 0.40671048485375105
140 0.4033890128648256
141 0.39974544367109094
142 0.39621895026000997
143 0.39218367967729584
144 0.38867556341240667
145 0.38490139522637595
146 0.38217376977847634
147 0.3790562211965849
148 0.3751948184116694
149 0.37154623698432965
150 0.36825941069803764
151 0.36558210309231504
152 0.36223495461975513
153 0.35888566222114016
154 0.35605979914014746
155 0.3533001794428995
156 0.35010721045098325
157 0.3471560356759258
158 0.3453458172436745
159 0.3425296000402453
160 0.33938772309908855
161 0.33717662620153377
162 0.3341678614409124
163 0.3314450827979242
164 0.3282785099891744
165 0.324681931026359
166 0.3212144163629727
167 0.31744638687773824
168 0.3149555481747324
169 0.3126752057067477
170 0.30958781993976736
171 0.3075200875704529
172 0.30544276573965534
173 0.30228398691444286
174 0.3001538263137764
175 0.297286853268095
176 0.2950045817352619
177 0.29257054318488424
178 0.29032058831423035
179 0.28773002655666846
180 0.28528802363296674
181 0.28295896589659447
182 0.2804699478646046
183 0.27836917698626196
184 0.27644599503314327
185 0.27369886281914324
186 0.27160338702973846
187 0.2692386773958623
188 0.26741403655326257
189 0.26527610278681696
190 0.2631026606175571
191 0.26109348537102367
192 0.25922128686672274
193 0.2571025211377159
194 0.2552443341380136
195 0.2529921080442978
196 0.2502429749009002
197 0.24825828976860206
198 0.24602953437469022
199 0.24410484313283562
200 0.24119489006820335
201 0.23808845702679618
202 0.235925617776144
203 0.23413561772727268
204 0.23215137154596707
205 0.22982674429612102
206 0.22759933469014867
207 0.22551756388958807
208 0.22310289932415966
209 0.22096460853944982
210 0.21900440415927572
211 0.21743967920979307
212 0.21545153287468802
213 0.2133217225572811
214 0.21163362364788432
215 0.2100845061791315
216 0.2082699076839597
217 0.20685720590973602
218 0.20453150268606826
219 0.20257241975183404
220 0.200452920471783
221 0.19892372928787133
222 0.1972349907688268
223 0.19519313873985802
224 0.1934551474044743
225 0.19227670256622048
226 0.1899831105743678
227 0.18845346201491112
228 0.18727250497273418
229 0.18582996948497252
230 0.18413544684692118
231 0.18257625839431343
232 0.18063577503984504
233 0.17874248204568488
234 0.17695667752813085
235 0.17535035783297154
236 0.17367730418139316
237 0.17224570806882766
238 0.17070925444803542
239 0.16894404469075097
240 0.1670685874484752
241 0.16582090290428492
242 0.16460682646244396
243 0.16301849826836187
244 0.16189985630321707
245 0.16072749778837347
246 0.1590143913068226
247 0.1579267213755373
248 0.156484901543597
249 0.15523339852985432
250 0.1540053674304097
251 0.1525911857431933
252 0.15091111150983055
253 0.1499956271698407
254 0.14866240280975368
255 0.14731835583562444
256 0.14639059565653184
257 0.14501509197083415
258 0.14384218697459838
259 0.14254088401502274
260 0.141176465906504
261 0.13965331956688856
262 0.138501509710308
263 0.13729134043602226
264 0.13605423508227923
265 0.13475934546666468
266 0.13393297763859635
267 0.13265699275101347
268 0.13195672374115164
269 0.13101921438767292
270 0.12992189801184795
271 0.1284114828512848
272 0.12772938412395068
273 0.12711628266735292
274 0.12613810085345334
275 0.12513115328768487
276 0.12425646835331207
277 0.12331685912340189
278 0.12227586635444032
279 0.12102386037034599
280 0.11975095685796042
281 0.11877162679084195
282 0.11789285363746037
283 0.11699040879793096
284 0.11587711921532494
285 0.11467996127736332
286 0.11401797805648317
287 0.11307993636093416
288 0.11249476158884572
289 0.11130546768160561
290 0.11047988026486438
291 0.10938523321565165
292 0.1083048223800508
293 0.10760888626354073
294 0.10676671819137047
295 0.10581867199150966
296 0.1051199863424014
297 0.10450057882724671
298 0.10361307785991901
299 0.10270469349209296
300 0.10196456917077358
