1 0.999
2 0.3059975046299456
3 0.3121447418688714
4 0.33373182463714723
5 0.3502667016868464
6 0.3621900089910393
7 0.3611033187088499
8 0.3625197064276651
9 0.3625246172804437
10 0.36201621153621155
11 0.3580219166767209
12 0.35561908071132725
13 0.35304808838906476
14 0.3487016961436178
15 0.3395703968664759
16 0.33296105443847795
17 0.3253413160366288
18 0.31965721489014204
19 0.31416127319104165
20 0.30855938346126033
21 0.3031837243368463
22 0.2984672685181713
23 0.2933511276230332
24 0.2885699672772924
25 0.28249290250427433
26 0.276994848614306
27 0.27074557884222417
28 0.2659862168178448
29 0.2585556309139891
30 0.25434270590705843
31 0.24946388626402669
32 0.24455348629790302
33 0.23895379133598657
34 0.234223475727807
35 0.2297186414352175
36 0.22509229339598472
37 0.22104627929599216
38 0.2168826006388669
39 0.21316503529021336
40 0.20858980916442027
41 0.20444143286216462
42 0.1999018766038691
43 0.19586593063106295
44 0.191248855861861
45 0.18791200076766112
46 0.18506190452334753
47 0.18119421101435246
48 0.17706369678938186
49 0.17340532119507304
50 0.17016684406843563
51 0.16729532258738225
52 0.1641124709124142
53 0.1605670565131723
54 0.15697791057543567
55 0.15409608720933562
56 0.15111300063195482
57 0.14838158455864936
58 0.1455312031654384
59 0.1430829288112544
60 0.1402750019097428
61 0.13768710818278465
62 0.13430391751973067
63 0.13130409087559128
64 0.12831167019114922
65 0.1254397123553965
66 0.12285147916956506
67 0.12028980287664885
68 0.11776879853239823
69 0.11492503249449285
70 0.11244844376014976
71 0.10978308860764004
72 0.10768615335413588
73 0.10574260909414093
74 0.10342007727045115
75 0.10170750539789476
76 0.09937770978588295
77 0.09729763088990098
78 0.09519684892680802
79 0.0926403275658111
80 0.09070120807160596
81 0.08893152873563384
82 0.0871099983415036
83 0.08544567733793204
84 0.08325823903949887
85 0.0815101511651655
86 0.08000563332151493
87 0.0784359501149816
88 0.07662302374236846
89 0.07515144214431911
90 0.07380607362744636
91 0.0725985499482415
92 0.07123450136440207
93 0.06974515135469933
94 0.06847872876244128
95 0.06720132873258121
96 0.06587653250418433
97 0.06459158568998152
98 0.06338600831308565
99 0.062090832681069234
100 0.061067737381206376
101 0.059769707146248435
102 0.05863385574968249
103 0.057293428456234016
104 0.05626768829844422
105 0.055400063753934255
106 0.05471559088128327
107 0.05374102487254222
108 0.05255560575896379
109 0.05164835804665213
110 0.05074927170525706
111 0.04973851446120694
112 0.04907768277533417
113 0.04827791152668602
114 0.04756832816676367
115 0.04656220703382155
116 0.04591758013211973
117 0.045198791755510066
118 0.04427240218033051
119 0.04374176129828886
120 0.04319422685884634
121 0.04228588006579839
122 0.04183308226049489
123 0.04128199158803063
124 0.040569841022438775
125 0.040147117096802964
126 0.03987158137056645
127 0.03953646897176864
128 0.03900261577841809
129 0.03859908294711887
130 0.038164123680125485
131 0.037923448397688936
132 0.03756919083367786
133 0.03723640289755206
134 0.03701427844787417
135 0.036408305211939704
136 0.036021126455537025
137 0.035587398561300054
138 0.03518870159734618
139 0.03475840315784115
140 0.03417241186366227
141 0.03378530848538233
142 0.0335201197822377
143 0.03331922750719838
144 0.032961788759287944
145 0.032786062155286476
146 0.0327366755899397
147 0.03241958967816142
148 0.0319861036313196
149 0.031730426826838305
150 0.03142692817665213
151 0.03124607155385601
152 0.030983424778207917
153 0.030872235215280923
154 0.030635485308747847
155 0.030424877276689223
156 0.03029335250824534
157 0.03022547646254617
158 0.03010776456517192
159 0.030162933214069793
160 0.02999313976493444
161 0.029787420170964096
162 0.02967127482930345
163 0.029501338706343513
164 0.029276352899776183
165 0.02891925899424931
166 0.028739059588367297
167 0.028664181193554676
168 0.028467296215835148
169 0.028521345355198464
170 0.02823354746657753
171 0.028156652558532
172 0.027992534414893334
173 0.027984119836889938
174 0.027983373632183776
175 0.02787176331121955
176 0.027737415088185665
177 0.027813528383695777
178 0.02769947667640726
179 0.02759529472075084
180 0.02725831437916327
181 0.027243233666604864
182 0.02728687893274383
183 0.027324756752879733
184 0.027307645982835277
185 0.027317053792053906
186 0.027186960851322415
187 0.027084934705654633
188 0.027006319619140167
189 0.026990518492448223
190 0.027028150881396897
191 0.026910184039797093
192 0.026972897534081268
193 0.02693201542608491
194 0.026841869664502655
195 0.026793999474276742
196 0.026724973733792675
197 0.026710023417477694
198 0.02658640648378292
199 0.026514060595961227
200 0.026634473222195462
201 0.02653449403989058
202 0.02651501783771629
203 0.02656858727422968
204 0.02659812698971593
205 0.026690519244457443
206 0.026574536672914005
207 0.02655166030597971
208 0.026607460617613706
209 0.02654423477351063
210 0.026608810936198782
211 0.0266352359360314
212 0.02661183027240364
213 0.02665224102011031
214 0.026666446766000582
215 0.026735750468557626
216 0.026696785792517656
217 0.026651036980288673
218 0.02668013910307093
219 0.026650011254662452
220 0.026597412619121498
221 0.026477200903628626
222 0.02655824103266327
223 0.026515707511755724
224 0.026449651046942996
225 0.026365195245178264
226 0.026436695143149877
227 0.026236157388408315
228 0.026216938586266926
229 0.02617578748508463
230 0.026216049836566814
231 0.026248413754261228
232 0.026259565735203546
233 0.02617574387879519
234 0.02625147296881014
235 0.02611831120384255
236 0.026288577522705144
237 0.026307243431767578
238 0.02629705152529703
239 0.02627912612383415
240 0.02619606327035695
241 0.026234045290613267
242 0.02618702598379332
243 0.026133906217146192
244 0.0261219142893164
245 0.026032985984501864
246 0.02608153437202609
247 0.026112776514634055
248 0.02613732072605398
249 0.02611396242134746
250 0.026082958341098143
251 0.026031986156614846
252 0.026102887265599707
253 0.02607849792350577
254 0.026040658417846557
255 0.025989595151313584
256 0.025958650079857808
257 0.02591566787492526
258 0.025792631657746833
259 0.025840484746314483
260 0.02583663948904913
261 0.0258490888670171
262 0.025832381477264188
263 0.025812983676649526
264 0.025752272855117216
265 0.025825393734951917
266 0.026018927655921825
267 0.026006301187659155
268 0.026053926672589475
269 0.02601719570201251
270 0.02599820553578911
271 0.026016519108803236
272 0.025966796739328023
273 0.025950914309354544
274 0.025978447471879794
275 0.025991053857843484
276 0.026040090609508997
277 0.026142462016726434
278 0.026093757090291377
279 0.02603708428170115
280 0.02607069355035042
281 0.026109517343022037
282 0.026081282822249082
283 0.026109881149280156
284 0.026077505669210594
285 0.02610466362590314
286 0.02596984789636754
287 0.025920561228370696
288 0.025966400155879275
289 0.02590641937736795
290 0.025929493798576054
291 0.0259960481411478
292 0.026050768263490846
293 0.02588632795993248
294 0.025810630100908383
295 0.025879280177691838
296 0.025985487048843334
297 0.025794349927839813
298 0.025894098869776533
299 0.025806600561701313
300 0.0256775106749676
