1 0.0
2 0.11933333333333311
3 0.3281666666666664
4 0.46027142857142705
5 0.5631761904761893
6 0.6333968253968254
7 0.6835456709956714
8 0.7206615440115447
9 0.7492199522699525
10 0.7696159729159731
11 0.789544472194472
12 0.8041706293706286
13 0.8159074721030608
14 0.822610499957559
15 0.8239600939995674
16 0.8229185578181707
17 0.8186084988970437
18 0.8161749110904631
19 0.8214757989614357
20 0.8234002985905219
21 0.8158094252710641
22 0.8158371879950465
23 0.8143856041774591
24 0.8110214863467629
25 0.8070871518457434
26 0.8060002737453441
27 0.7999892555671392
28 0.7924687656170415
29 0.7879770539173283
30 0.7789798986573432
31 0.7759968906051105
32 0.7628612877060607
33 0.7580104842436591
34 0.753743976361006
35 0.747985630410435
36 0.7406629742902451
37 0.7353895126722163
38 0.7349723008287973
39 0.7296145547472515
40 0.725362962215692
41 0.7195745679458636
42 0.7128269613131892
43 0.7064761729829506
44 0.6998337368119569
45 0.6932837397689702
46 0.6885615060962053
47 0.6844081877886802
48 0.676646795905956
49 0.6722505672240842
50 0.6647022673901852
51 0.6572484482513768
52 0.6480425072264053
53 0.6399266666421808
54 0.6319621610359828
55 0.6220226373104897
56 0.6145689566472429
57 0.6081064335989869
58 0.6004316659954179
59 0.590446668818928
60 0.5820420446847759
61 0.5719027374045896
62 0.5610654650714941
63 0.553361517247611
64 0.544579587692644
65 0.5380637345145745
66 0.5298595265822147
67 0.5202943546401306
68 0.5087014065457083
69 0.50058768894399
70 0.4924368780500925
71 0.48286668609869854
72 0.47229283642871134
73 0.46217764101124376
74 0.4533034704549673
75 0.44306403809424066
76 0.43102488049446414
77 0.42313395322432873
78 0.41406485705339907
79 0.40719077082781113
80 0.3987431216971911
81 0.3921073769876687
82 0.3837315192659085
83 0.37584673395006096
84 0.36780131189930937
85 0.36014662983882323
86 0.35143880972738184
87 0.34281490896199374
88 0.3339120046129249
89 0.3233010628800235
90 0.3181687708223747
91 0.31154285217112526
92 0.30332227386219224
93 0.29670409313853446
94 0.28903687917413395
95 0.28292344481713466
96 0.27703346750374747
97 0.2696710551254011
98 0.2632311012702611
99 0.25595698170953357
100 0.24886372593916806
101 0.2446677544889541
102 0.23965951803535804
103 0.2329080526762286
104 0.22665236380098047
105 0.22148789280674533
106 0.2156889252838886
107 0.21006970111468995
108 0.205060910568519
109 0.20156646266471584
110 0.19701145010834345
111 0.19138034603026502
112 0.18624954498176602
113 0.18194218707170845
114 0.17746470648340554
115 0.1716146993755972
116 0.16771787374548575
117 0.16299948821754243
118 0.15874549129807877
119 0.15370350358900825
120 0.14980240887624027
121 0.14599315640375488
122 0.14252007428316896
123 0.13871376668188862
124 0.13505185505048065
125 0.13119820119716064
126 0.12771797537239762
127 0.12482326695408662
128 0.1212114999430345
129 0.11691598384847571
130 0.11464071645395231
131 0.1114945951058151
132 0.10848795338040697
133 0.10528069218655274
134 0.10152593267109915
135 0.09884153871998351
136 0.09603877858840079
137 0.09295794739508675
138 0.09002891913079386
139 0.08725814120959714
140 0.08452989365521854
141 0.08226846899895772
142 0.07981615774644292
143 0.07697810175649125
144 0.0747331962511479
145 0.07290088521608032
146 0.07065762859541841
147 0.06926232361873562
148 0.0667831786247453
149 0.0647382203967419
150 0.06317483472009529
151 0.06139373626250805
152 0.05943142422520993
153 0.057919287161813146
154 0.05593249541876034
155 0.05467339925694964
156 0.05303332546187979
157 0.05171852264513246
158 0.05035309473849784
159 0.049007909411307345
160 0.04762833101918342
161 0.04621450616368231
162 0.04468875485111859
163 0.042935150940107816
164 0.04173863780759216
165 0.040057898139523374
166 0.03925083216702887
167 0.037951528724936706
168 0.03714224208221778
169 0.03634144922294318
170 0.035170733982129346
171 0.033887146209325814
172 0.03320482450174157
173 0.03234886014322995
174 0.03151005286771737
175 0.030738367672257773
176 0.029993649629809292
177 0.02895100184564434
178 0.028431554222136363
179 0.027899610587193657
180 0.026957066032064082
181 0.026251516904592136
182 0.025615258482235996
183 0.02489238472085677
184 0.02426650107265765
185 0.02338326318460088
186 0.022858935325797247
187 0.022136008724956024
188 0.02146401773119312
189 0.02090916344734771
190 0.02012995908329762
191 0.01956894780891122
192 0.01905099762375565
193 0.018523541964369356
194 0.01810910749306348
195 0.017660129120492724
196 0.01709645074464769
197 0.016725942054195277
198 0.016268146408220205
199 0.015879997333040893
200 0.015564125850425853
201 0.015150485432641699
202 0.014757816602852039
203 0.014456919816047943
204 0.013992363708667861
205 0.013648177158950699
206 0.013386900496533684
207 0.012942668268437938
208 0.01268432944621472
209 0.012335225867025103
210 0.012231536466292154
211 0.011821372789186494
212 0.011597504819725758
213 0.011429619510460717
214 0.011239646136232835
215 0.011040864488398246
216 0.010800037369971307
217 0.010419302795202073
218 0.010262348514391659
219 0.010034638564004198
220 0.009869393337268644
221 0.009590358375457918
222 0.009285102751728308
223 0.009169581924178048
224 0.008937424788201406
225 0.008781456531883692
226 0.00862479885739622
227 0.008578984057171791
228 0.00842398695570429
229 0.008286671510779185
230 0.00821921484160731
231 0.008099257033947415
232 0.007950572298839864
233 0.007767827902051517
234 0.007653147601780466
235 0.0074655823163474215
236 0.007349959500505801
237 0.0073680239616214565
238 0.007240846288315427
239 0.007189038534926477
240 0.007096154762923854
241 0.0069801616348640246
242 0.006979017280845079
243 0.006739086175661512
244 0.006723072558848977
245 0.006667003368643138
246 0.006685888107006472
247 0.006634501435752742
248 0.006574861149525204
249 0.006506379002713501
250 0.006442614749523066
251 0.006405706986411327
252 0.006342396507372056
253 0.006359450232807942
254 0.006275635535540655
255 0.006191372720994653
256 0.006316158764195695
257 0.006319359955100867
258 0.006293545496849398
259 0.006269863957841732
260 0.00634196004806312
261 0.006263816794811709
262 0.006274174911083514
263 0.0062559281023011675
264 0.006218877779010204
265 0.006271599634924721
266 0.006276279082135876
267 0.006177819467009711
268 0.006188163440581529
269 0.006146419958844175
270 0.006152200121464823
271 0.006144786091585691
272 0.006128253379737057
273 0.006134580058253867
274 0.006142328201414649
275 0.006207244806717632
276 0.00611212545331241
277 0.006047298956637972
278 0.006172530365406014
279 0.006105466937234868
280 0.006100697026418593
281 0.0061574935117884805
282 0.0061592095675107456
283 0.0061902709830850946
284 0.006129603835948446
285 0.006161654962493939
286 0.0060251590259560684
287 0.006141186003353177
288 0.006023890844630273
289 0.006044139065149874
290 0.006071737356882573
291 0.006014289776366739
292 0.006087330359509475
293 0.006124319368956063
294 0.006164952438988528
295 0.006081284600158174
296 0.006074012155927804
297 0.006146174590897011
298 0.0061463256740948175
299 0.006175010930543698
300 0.006074412650672299
