0 0
1 0
2 0
3 0
4 0
5 0
6 0
7 0
8 0
9 0
10 0
11 2
12 0
13 1
14 1
15 2
16 4
17 3
18 10
19 9
20 14
21 24
22 38
23 39
24 44
25 54
26 65
27 70
28 95
29 100
30 101
31 134
32 122
33 147
34 172
35 204
36 163
37 205
38 206
39 227
40 258
41 266
42 288
43 255
44 302
45 290
46 309
47 273
48 314
49 275
50 299
51 296
52 266
53 263
54 271
55 261
56 251
57 245
58 236
59 203
60 220
61 189
62 172
63 173
64 158
65 176
66 125
67 103
68 126
69 100
70 68
71 78
72 75
73 70
74 57
75 43
76 48
77 36
78 43
79 25
80 37
81 24
82 20
83 25
84 19
85 17
86 10
87 14
88 9
89 14
90 9
91 7
92 4
93 9
94 1
95 4
96 3
97 1
98 1
99 1
100 0
101 2
102 1
103 1
104 0
105 0
106 0
107 2
108 0
109 0
110 1
111 1
112 0
113 0
114 1
