1 1.8999099909991
2 1.8985598559855985
3 1.898009800980098
4 1.8982598259825982
5 1.8991099109910992
6 1.9006000600060007
7 1.998949894989499
8 2.0001600160016
9 2.0036503650365036
10 2.0085908590859085
11 2.0121412141214123
12 2.0151815181518153
13 2.0218321832183217
14 2.1204520452045204
15 2.1324332433243325
16 2.0541754175417544
17 2.063756375637564
18 2.073107310731073
19 2.082148214821482
20 2.0885388538853884
21 2.095969596959696
22 2.104040404040404
23 2.1136613661366135
24 2.1225122512251224
25 2.1294529452945294
26 2.1362636263626364
27 2.1474347434743475
28 2.157795779577958
29 2.3227922792279228
30 2.327182718271827
31 2.3367036703670365
32 2.341854185418542
33 2.2837383738373838
34 2.2944694469446945
35 2.356945694569457
36 2.3615161516151617
37 2.4324832483248326
38 2.434913491349135
39 2.4393639363936392
40 2.4442544254425442
41 2.5066406640664067
42 2.574227422742274
43 2.5734373437343736
44 2.578267826782678
45 2.5775877587758775
46 2.5796379637963796
47 2.5774377437743774
48 2.5795279527952797
49 2.57994799479948
50 2.5831783178317833
51 2.5832383238323833
52 2.5822482248224823
53 2.5374937493749377
54 2.484998499849985
55 2.490919091909191
56 2.491659165916592
57 2.491659165916592
58 2.4558055805580556
59 2.4552955295529553
60 2.456775677567757
61 2.4578657865786577
62 2.5108710871087108
63 2.54987498749875
64 2.5525852585258524
65 2.590649064906491
66 2.625982598259826
67 2.5916691669166916
68 2.5918791879187917
69 2.563266326632663
70 2.5642164216421643
71 2.5636063606360637
72 2.5637063706370635
73 2.561086108610861
74 2.5596259625962596
75 2.5593959395939594
76 2.5581258125812583
77 2.5824482448244823
78 2.5772277227722773
79 2.573977397739774
80 2.5743374337433744
81 2.602680268026803
82 2.601180118011801
83 2.6035403540354034
84 2.628802880288029
85 2.6543854385438546
86 2.6563456345634564
87 2.654835483548355
88 2.653125312531253
89 2.6507450745074506
90 2.647114711471147
91 2.6495649564956496
92 2.622902290229023
93 2.621572157215722
94 2.622132213221322
95 2.622712271227123
96 2.6204220422042206
97 2.62036203620362
98 2.6205720572057207
99 2.6166516651665166
100 2.616751675167517
101 2.6154815481548153
102 2.5913191319131914
103 2.5934993499349934
104 2.591159115911591
105 2.592409240924092
106 2.571997199719972
107 2.594019401940194
108 2.591829182918292
109 2.5914291429142913
110 2.611021102110211
111 2.61003100310031
112 2.6272527252725273
113 2.6252625262526252
114 2.627992799279928
115 2.6273827382738273
116 2.6243724372437245
117 2.6215221522152214
118 2.623982398239824
119 2.622692269226923
120 2.6212321232123212
121 2.6212621262126214
122 2.6193619361936196
123 2.618301830183018
124 2.617671767176718
125 2.617051705170517
126 2.616771677167717
127 2.6145714571457144
128 2.6101410141014103
129 2.611041104110411
130 2.6112511251125112
131 2.6127112711271128
132 2.6114911491149115
133 2.609180918091809
134 2.6063806380638064
135 2.607110711071107
136 2.6079507950795078
137 2.61001100110011
138 2.6118411841184117
139 2.611101110111011
140 2.609060906090609
141 2.609070907090709
142 2.6072907290729073
143 2.6075307530753076
144 2.6036103610361034
145 2.6019301930193017
146 2.5884588458845883
147 2.584868486848685
148 2.5839583958395838
149 2.5846084608460846
150 2.581988198819882
151 2.594829482948295
152 2.5962896289628965
153 2.595029502950295
154 2.5934093409340933
155 2.5895189518951893
156 2.588748874887489
157 2.592109210921092
158 2.594039403940394
159 2.595309530953095
160 2.5954095409540954
161 2.5968296829682966
162 2.598199819981998
163 2.5985698569856988
164 2.5973997399739974
165 2.5965796579657967
166 2.5945894589458947
167 2.5957795779577957
168 2.595119511951195
169 2.5934293429342934
170 2.5956595659565957
171 2.5961996199619963
172 2.5968396839683967
173 2.5937893789378936
174 2.593209320932093
175 2.593999399939994
176 2.595009500950095
177 2.5966896689668966
178 2.5994099409940996
179 2.5995999599959996
180 2.5994199419941992
181 2.596899689968997
182 2.5985498549854986
183 2.5983098309830983
184 2.597959795979598
185 2.599209920992099
186 2.600890089008901
187 2.602090209020902
188 2.600960096009601
189 2.605160516051605
190 2.6033603360336035
191 2.6014401440144015
192 2.602900290029003
193 2.598949894989499
194 2.5956495649564957
195 2.5965596559655966
196 2.596929692969297
197 2.5995399539953996
198 2.6003000300030004
199 2.5968296829682966
200 2.5944594459445947
201 2.595929592959296
202 2.595169516951695
203 2.5933493349334933
204 2.5975697569756977
205 2.5995399539953996
206 2.5983998399839985
207 2.5993599359935993
208 2.6013501350135013
209 2.603180318031803
210 2.601990199019902
211 2.6025802580258026
212 2.6013901390139016
213 2.5992999299929993
214 2.599349934993499
215 2.6014301430143014
216 2.601060106010601
217 2.6010801080108013
218 2.5998899889989
219 2.602930293029303
220 2.6002200220022003
221 2.6007500750075008
222 2.603010301030103
223 2.602880288028803
224 2.595059505950595
225 2.6036203620362035
226 2.5955495549554954
227 2.6047504750475046
228 2.605030503050305
229 2.604290429042904
230 2.6066706670667066
231 2.604800480048005
232 2.6037603760376036
233 2.602910291029103
234 2.6002900290029003
235 2.6012101210121013
236 2.6033503350335034
237 2.6053405340534055
238 2.6073907390739075
239 2.6076007600760076
240 2.60998099809981
241 2.6115111511151117
242 2.6124912491249126
243 2.6115011501150116
244 2.6006800680068007
245 2.596989698969897
246 2.5944494449444946
247 2.598939893989399
248 2.6023302330233022
249 2.602240224022402
250 2.6054205420542056
251 2.6015401540154017
252 2.6014701470147013
253 2.605160516051605
254 2.6034603460346033
255 2.601070107010701
256 2.608990899089909
257 2.6094109410941093
258 2.6107010701070106
259 2.6167416741674168
260 2.6158115811581157
261 2.6166516651665166
262 2.6168616861686167
263 2.617101710171017
264 2.6168016801680167
265 2.6154115411541152
266 2.6171517151715173
267 2.617171717171717
268 2.6198319831983197
269 2.623962396239624
270 2.621832183218322
271 2.6216621662166215
272 2.6224522452245225
273 2.6253525352535254
274 2.6226522652265225
275 2.6215421542154216
276 2.6227922792279226
277 2.621862186218622
278 2.624962496249625
279 2.6156015601560156
280 2.616331633163316
281 2.6171517151715173
282 2.6183718371837186
283 2.6188518851885187
284 2.6195519551955195
285 2.61995199519952
286 2.6245324532453247
287 2.622062206220622
288 2.619041904190419
289 2.6204020402040205
290 2.6216821682168217
291 2.620982098209821
292 2.6236023602360237
293 2.6266326632663266
294 2.625862586258626
295 2.625192519251925
296 2.6256925692569255
297 2.6257725772577256
298 2.622762276227623
299 2.6225222522252225
300 2.629192919291929
1 1.8999099909991
2 1.8985598559855985
3 1.898009800980098
4 1.8982598259825982
5 1.8991099109910992
6 1.9006000600060007
7 1.998949894989499
8 2.0001600160016
9 2.0036503650365036
10 2.0085908590859085
11 2.0121412141214123
12 2.0151815181518153
13 2.0218321832183217
14 2.1204520452045204
15 2.1324332433243325
16 2.0541754175417544
17 2.063756375637564
18 2.073107310731073
19 2.082148214821482
20 2.0885388538853884
21 2.095969596959696
22 2.104040404040404
23 2.1136613661366135
24 2.1225122512251224
25 2.1294529452945294
26 2.1362636263626364
27 2.1474347434743475
28 2.157795779577958
29 2.3227922792279228
30 2.327032703270327
1 1.8999099909991
2 1.8985598559855985
3 1.898009800980098
4 1.8982598259825982
5 1.8991099109910992
6 1.9006000600060007
7 1.998949894989499
8 2.0001600160016
9 2.0036503650365036
10 2.0085908590859085
11 2.0121412141214123
12 2.0151815181518153
13 2.0218321832183217
14 2.1204520452045204
15 2.1324332433243325
16 2.0541754175417544
17 2.063756375637564
18 2.073107310731073
19 2.082148214821482
20 2.0885388538853884
21 2.095969596959696
22 2.104040404040404
23 2.1136613661366135
24 2.1225122512251224
25 2.1294529452945294
26 2.1362636263626364
27 2.1474347434743475
28 2.157795779577958
29 2.3227922792279228
30 2.327032703270327
