1 2500.2500250025
2 2335.3058505850586
3 2003.9003300330032
4 1747.6905390539055
5 1524.1307130713071
6 1341.784518451845
7 1197.6693169316932
8 1078.1918391839183
9 976.963496349635
10 885.8028302830284
11 807.2114611461146
12 741.3867286728673
13 679.3214621462146
14 622.590799079908
15 583.7778877887789
16 540.2792379237924
17 502.75859585958597
18 464.513701370137
19 420.64457445744574
20 390.53796379637964
21 362.1892389238924
22 341.55043504350436
23 319.6029802980298
24 295.5246424642464
25 278.48247824782476
26 265.7052305230523
27 252.66688668866885
28 239.74808480848085
29 225.06205620562056
30 212.81778177817782
31 199.54621462146216
32 188.8970197019702
33 176.77031703170317
34 167.41020102010202
35 159.45397539753975
36 150.3006300630063
37 143.76995699569957
38 137.03901390139015
39 130.4025502550255
40 123.706400640064
41 118.31326132613262
42 113.44344434443444
43 105.87758775877587
44 101.5961796179618
45 97.31887188718872
46 93.995499549955
47 89.1908790879088
48 84.42782278227823
49 81.5925192519252
50 77.53303330333033
51 75.32478247824783
52 73.0979497949795
53 69.51109110911091
54 66.87499749974998
55 63.945094509450946
56 61.581138113811384
57 59.32373237323733
58 56.704310431043105
59 55.733583358335835
60 53.851905190519055
61 52.39247924792479
62 50.121642164216425
63 48.794579457945794
64 46.22403240324032
65 44.646194619461944
66 42.791459145914594
67 41.02844284428443
68 39.45878587858786
69 38.373687368736874
70 37.39008900890089
71 35.74009400940094
72 34.90808080808081
73 34.18325832583258
74 33.35040504050405
75 32.38113811381138
76 31.7975097509751
77 30.223832383238324
78 29.327762776277627
79 28.527052705270528
80 28.476267626762677
81 27.32865286528653
82 26.32057205720572
83 25.425172517251724
84 24.278177817781778
85 24.1014801480148
86 22.707290729072906
87 22.09167916791679
88 20.821572157215723
89 20.497059705970596
90 19.893079307930794
91 19.35792579257926
92 18.896719671967197
93 18.446384638463847
94 17.84920492049205
95 16.73035303530353
96 16.617441744174418
97 16.233173317331733
98 15.9001700170017
99 15.40918091809181
100 15.168086808680869
101 14.62040204020402
102 14.081328132813281
103 13.808110811081107
104 13.629912991299129
105 13.236873687368737
106 13.035113511351135
107 12.483758375837583
108 12.417901790179018
109 12.114551455145515
110 11.822512251225122
111 11.236153615361536
112 11.125122512251226
113 10.734943494349436
114 10.626402640264027
115 10.235283528352836
116 10.047864786478648
117 9.710931093109311
118 9.526192619261927
119 9.373287328732873
120 9.138293829382938
121 9.013751375137513
122 8.797139713971397
123 8.5996299629963
124 8.446304630463047
125 8.307550755075507
126 8.07007700770077
127 7.853915391539154
128 7.666426642664266
129 7.485328532853285
130 7.30998099809981
131 7.112951295129513
132 6.896989698969897
133 6.795039503950395
134 6.616661666166617
135 6.468726872687268
136 6.303830383038304
137 6.229442944294429
138 6.038603860386039
139 5.987688768876888
140 5.907210721072107
141 5.695069506950695
142 5.634773477347735
143 5.536243624362436
144 5.438063806380638
145 5.328622862286228
146 5.224062406240624
147 5.071117111711171
148 4.948094809480948
149 4.861646164616461
150 4.694269426942694
151 4.618811881188119
152 4.541484148414842
153 4.502160216021602
154 4.405320532053206
155 4.36043604360436
156 4.314401440144015
157 4.236623662366236
158 4.197519751975197
159 4.083878387838784
160 3.9914091409140915
161 3.9003900390039004
162 3.8533253325332533
163 3.8062106210621063
164 3.743774377437744
165 3.7105710571057107
166 3.640674067406741
167 3.6092709270927092
168 3.5922292229222923
169 3.5571357135713573
170 3.5272727272727273
171 3.4852485248524854
172 3.4502350235023505
173 3.414051405140514
174 3.383878387838784
175 3.348704870487049
176 3.331033103310331
177 3.302100210021002
178 3.262036203620362
179 3.24000400040004
180 3.212951295129513
181 3.1824882488248827
182 3.1646364636463646
183 3.137993799379938
184 3.1231723172317234
185 3.099209920992099
186 3.0825682568256827
187 3.0457645764576458
188 3.026812681268127
189 2.9983898389838983
190 2.986058605860586
191 2.9734573457345737
192 2.9652865286528653
193 2.9486748674867487
194 2.9334833483348333
195 2.9050705070507052
196 2.900860086008601
197 2.883148314831483
198 2.8658665866586657
199 2.8403240324032404
200 2.820622062206221
201 2.81023102310231
202 2.797039703970397
203 2.786738673867387
204 2.772577257725773
205 2.757845784578458
206 2.7483448344834485
207 2.7384138413841383
208 2.735043504350435
209 2.7275327532753275
210 2.7252125212521254
211 2.716991699169917
212 2.7147814781478146
213 2.711981198119812
214 2.708020802080208
215 2.702950295029503
216 2.702730273027303
217 2.7001600160016
218 2.6984398439843984
219 2.6994699469946997
220 2.6965096509650963
221 2.693809380938094
222 2.693739373937394
223 2.692139213921392
224 2.691689168916892
225 2.690629062906291
226 2.6913491349134913
227 2.69010901090109
228 2.689358935893589
229 2.689048904890489
230 2.689068906890689
231 2.6904590459045905
232 2.6903290329032905
233 2.687858785878588
234 2.686808680868087
235 2.6874187418741875
236 2.6894689468946895
237 2.6868486848684867
238 2.686078607860786
239 2.684128412841284
240 2.6822482248224824
241 2.6865486548654864
242 2.685088508850885
243 2.6825182518251824
244 2.6794779477947794
245 2.6794879487948795
246 2.6792179217921794
247 2.6806080608060805
248 2.679377937793779
249 2.6793179317931792
250 2.6775577557755774
251 2.67979797979798
252 2.6792079207920794
253 2.678237823782378
254 2.6784778477847784
255 2.679167916791679
256 2.6801180118011803
257 2.6806880688068806
258 2.6807580758075806
259 2.6803480348034805
260 2.6796479647964797
261 2.6816181618161816
262 2.681938193819382
263 2.682898289828983
264 2.6813481348134816
265 2.6825382538253826
266 2.682978297829783
267 2.6842284228422844
268 2.6830983098309833
269 2.681798179817982
270 2.6845584558455844
271 2.683198319831983
272 2.683888388838884
273 2.6845184518451846
274 2.6883188318831883
275 2.6874287428742876
276 2.687368736873687
277 2.689088908890889
278 2.6874087408740874
279 2.6896789678967896
280 2.6887488748874886
281 2.6867886788678867
282 2.6865286528652867
283 2.6907290729072906
284 2.688788878887889
285 2.6906790679067907
286 2.691129112911291
287 2.6903090309030904
288 2.6901790179017904
289 2.6893389338933895
290 2.690969096909691
291 2.6891889188918894
292 2.69006900690069
293 2.6894089408940896
294 2.6901790179017904
295 2.6881888188818883
296 2.6893789378937893
297 2.6868386838683866
298 2.685918591859186
299 2.6861286128612862
300 2.6858485848584857
