1 1.8999099909991
2 1.899069906990699
3 1.898979897989799
4 1.8990399039903991
5 1.8991799179917992
6 1.8992399239923992
7 1.8993899389938993
8 1.8996799679967997
9 1.9003600360036004
10 1.901850185018502
11 1.9027202720272027
12 1.9037303730373036
13 1.905080508050805
14 1.9073007300730074
15 1.9106010601060106
16 1.9126612661266127
17 1.9143314331433143
18 1.9163116311631163
19 1.916041604160416
20 1.9193419341934193
21 1.9208020802080208
22 1.923072307230723
23 1.9261526152615263
24 1.9285728572857286
25 1.931963196319632
26 1.9375637563756376
27 1.942944294429443
28 1.9544054405440543
29 1.961996199619962
30 1.971127112711271
31 1.9876087608760875
32 1.9912591259125914
33 1.991979197919792
34 1.9981798179817982
35 2.018191819181918
36 2.0175817581758175
37 2.013731373137314
38 2.0190719071907193
39 2.026912691269127
40 2.0661166116611662
41 2.0715471547154714
42 2.0757575757575757
43 2.077917791779178
44 2.0787978797879787
45 2.086108610861086
46 2.103810381038104
47 2.111101110111011
48 2.1227322732273226
49 2.128982898289829
50 2.1427642764276427
51 2.151835183518352
52 2.182068206820682
53 2.1842784278427843
54 2.174717471747175
55 2.1735873587358734
56 2.1915391539153917
57 2.194809480948095
58 2.199329932993299
59 2.1949094909490947
60 2.201860186018602
61 2.20987098709871
62 2.2040404040404042
63 2.1886388638863887
64 2.184028402840284
65 2.1784878487848784
66 2.1952695269526954
67 2.1925992599259927
68 2.221062106210621
69 2.262096209620962
70 2.2662366236623663
71 2.254005400540054
72 2.273007300730073
73 2.282058205820582
74 2.295359535953595
75 2.3000500050005
76 2.316151615161516
77 2.3185518551855187
78 2.314611461146115
79 2.31015101510151
80 2.3100410041004102
81 2.3283828382838285
82 2.3679267926792678
83 2.357185718571857
84 2.372107210721072
85 2.396029602960296
86 2.3954895489548953
87 2.3884188418841883
88 2.3792379237923793
89 2.383988398839884
90 2.413831383138314
91 2.3882288228822883
92 2.4046704670467047
93 2.4215621562156215
94 2.424002400240024
95 2.449044904490449
96 2.4771077107710773
97 2.49008900890089
98 2.4901190119011902
99 2.4794879487948793
100 2.476797679767977
101 2.4815481548154814
102 2.4766376637663767
103 2.488118811881188
104 2.493999399939994
105 2.4824782478247824
106 2.478967896789679
107 2.474887488748875
108 2.477857785778578
109 2.47041704170417
110 2.4814681468146813
111 2.492649264926493
112 2.486078607860786
113 2.4998599859986
114 2.506150615061506
115 2.505810581058106
116 2.5082308230823083
117 2.5244324432443244
118 2.524122412241224
119 2.5243124312431244
120 2.521372137213721
121 2.523282328232823
122 2.506930693069307
123 2.5212821282128215
124 2.5233223322332234
125 2.5244124412441242
126 2.521992199219922
127 2.516991699169917
128 2.519011901190119
129 2.521012101210121
130 2.5083808380838084
131 2.5057205720572058
132 2.513141314131413
133 2.5266326632663265
134 2.5142514251425143
135 2.514931493149315
136 2.516991699169917
137 2.5216021602160215
138 2.51995199519952
139 2.5173917391739176
140 2.522772277227723
141 2.53015301530153
142 2.5446244624462446
143 2.552715271527153
144 2.5413741374137415
145 2.5375437543754376
146 2.552655265526553
147 2.5513551355135515
148 2.54998499849985
149 2.5339333933393338
150 2.5435243524352433
151 2.541024102410241
152 2.537073707370737
153 2.523342334233423
154 2.5266326632663265
155 2.5287028702870287
156 2.5334433443344335
157 2.532143214321432
158 2.5342934293429344
159 2.5365236523652364
160 2.535793579357936
161 2.5365536553655366
162 2.527112711271127
163 2.5292729272927295
164 2.539143914391439
165 2.5305230523052304
166 2.5447544754475446
167 2.544034403440344
168 2.545054505450545
169 2.5422642264226423
170 2.549024902490249
171 2.549124912491249
172 2.5431943194319433
173 2.5457445744574456
174 2.542944294429443
175 2.5403740374037405
176 2.5332133213321333
177 2.534313431343134
178 2.5425242524252427
179 2.5502150215021504
180 2.555045504550455
181 2.5557855785578556
182 2.555905590559056
183 2.563056305630563
184 2.568936893689369
185 2.5727672767276726
186 2.5741274127412743
187 2.5712171217121713
188 2.5684868486848687
189 2.5766876687668767
190 2.576007600760076
191 2.576267626762676
192 2.5764976497649763
193 2.5812481248124812
194 2.5813981398139814
195 2.5782278227822784
196 2.587058705870587
197 2.5846484648464845
198 2.5863486348634863
199 2.586958695869587
200 2.587888788878888
201 2.590859085908591
202 2.5897589758975896
203 2.5826382638263827
204 2.5805680568056806
205 2.5883888388838883
206 2.5950695069506953
207 2.599219921992199
208 2.6024702470247023
209 2.6078207820782078
210 2.6073507350735072
211 2.6095109510951096
212 2.60988098809881
213 2.611151115111511
214 2.6117111711171117
215 2.6183918391839183
216 2.6199119911991198
217 2.618051805180518
218 2.6164716471647163
219 2.62022202220222
220 2.6213021302130213
221 2.621142114211421
222 2.6175917591759177
223 2.6188518851885187
224 2.6195019501950196
225 2.6084908490849084
226 2.6143914391439145
227 2.6127412741274125
228 2.615861586158616
229 2.6183318331833183
230 2.6154615461546156
231 2.6076207620762077
232 2.6128212821282126
233 2.614051405140514
234 2.616321632163216
235 2.6144114411441146
236 2.616941694169417
237 2.6167416741674168
238 2.614211421142114
239 2.6134213421342136
240 2.6115711571157116
241 2.610991099109911
242 2.614911491149115
243 2.6158815881588158
244 2.618811881188119
245 2.616951695169517
246 2.614971497149715
247 2.6131113111311133
248 2.6151715171517154
249 2.617611761176118
250 2.614201420142014
251 2.6129712971297128
252 2.611881188118812
253 2.6106910691069105
254 2.610731073107311
255 2.61016101610161
256 2.6136713671367136
257 2.6156615661566156
258 2.618071807180718
259 2.6145514551455147
260 2.611821182118212
261 2.611311131113111
262 2.615191519151915
263 2.6174617461746172
264 2.6193419341934194
265 2.618931893189319
266 2.6206920692069207
267 2.6175417541754173
268 2.6158115811581157
269 2.616271627162716
270 2.623182318231823
271 2.6243024302430245
272 2.6266826682668265
273 2.6236423642364235
274 2.6182618261826183
275 2.6215321532153215
276 2.625122512251225
277 2.6295129512951294
278 2.6313831383138315
279 2.630963096309631
280 2.6284928492849287
281 2.6284728472847285
282 2.627222722272227
283 2.627732773277328
284 2.626152615261526
285 2.623952395239524
286 2.62008200820082
287 2.6197619761976196
288 2.6251325132513252
289 2.6255025502550255
290 2.626662666266627
291 2.6255625562556255
292 2.6294329432943293
293 2.626792679267927
294 2.6293829382938294
295 2.628072807280728
296 2.6295929592959295
297 2.628002800280028
298 2.6298129812981297
299 2.6292429242924293
300 2.6295829582958294
