1 2500.2500250025
2 2335.3058505850586
3 2003.9003300330032
4 1747.6905390539055
5 1524.1307130713071
6 1341.784518451845
7 1197.6693169316932
8 1078.1918391839183
9 976.963496349635
10 885.8028302830284
11 807.2114611461146
12 741.3867286728673
13 679.3214621462146
14 622.590799079908
15 583.7778877887789
16 540.2792379237924
17 502.75859585958597
18 464.513701370137
19 420.64457445744574
20 390.53796379637964
21 362.1892389238924
22 341.55043504350436
23 319.6029802980298
24 295.5246424642464
25 278.48247824782476
26 265.7052305230523
27 250.43271327132715
28 236.46846684668466
29 222.76150615061505
30 207.83546354635465
31 193.95653565356537
32 183.6200620062006
33 174.5867086708671
34 164.31751175117512
35 158.1878787878788
36 151.21127112711272
37 147.82240224022402
38 140.33354335433543
39 132.49020902090209
40 126.76135613561357
41 120.36804680468047
42 115.43340334033404
43 108.9943594359436
44 104.82555255525553
45 98.59032903290328
46 94.52222222222223
47 89.55694569456946
48 87.08442844284428
49 85.13682368236823
50 79.78445844584458
51 77.53157315731573
52 74.73098309830984
53 70.74184418441844
54 68.62935293529353
55 65.94107410741074
56 64.44611461146114
57 61.384818481848185
58 59.39055905590559
59 57.663786378637866
60 56.45988598859886
61 55.384648464846485
62 53.15736573657366
63 52.284108410841085
64 50.802240224022405
65 49.35712571257126
66 47.783238323832386
67 45.952005200520055
68 44.15501550155015
69 43.33889388938894
70 42.102890289028906
71 41.22619261926192
72 39.691519151915195
73 38.907880788078806
74 37.47531753175318
75 36.68080808080808
76 35.73928392839284
77 34.671487148714874
78 34.45333533353335
79 33.65050505050505
80 32.91638163816382
81 31.308410841084108
82 30.378167816781676
83 29.164916491649166
84 28.921242124212423
85 28.063626362636263
86 27.603840384038403
87 27.056595659565957
88 26.157905790579058
89 25.42775277527753
90 24.975787578757874
91 24.69000900090009
92 24.63006300630063
93 23.68960896089609
94 22.902110211021103
95 21.974977497749776
96 21.80892089208921
97 21.614131413141315
98 20.774197419741974
99 20.592359235923592
100 19.73048304830483
101 19.634823482348235
102 19.156335633563355
103 18.35965596559656
104 17.96898689868987
105 17.83979397939794
106 17.353305330533054
107 16.903460346034603
108 16.726922692269227
109 16.31989198919892
110 16.073327332733275
111 16.03861386138614
112 15.695699569956997
113 15.611471147114711
114 15.28992899289929
115 15.025672567256725
116 14.698949894989498
117 14.237723772377239
118 14.02986298629863
119 13.492279227922792
120 13.32084208420842
121 12.933703370337033
122 12.521122112211222
123 12.284048404840483
124 12.154345434543455
125 12.005210521052105
126 11.696889688968897
127 11.56082608260826
128 11.273217321732174
129 11.265766576657665
130 11.094789478947895
131 10.752535253525352
132 10.605940594059406
133 10.508780878087808
134 10.45052505250525
135 10.40890089008901
136 10.172747274727472
137 9.786228622862286
138 9.56943694369437
139 9.303210321032104
140 9.244664466446645
141 9.091189118911892
142 9.058815881588158
143 8.98118811881188
144 8.896109610961096
145 8.738483848384838
146 8.527702770277028
147 8.315221522152216
148 8.21113111311131
149 8.017471747174717
150 7.91008100810081
151 7.742454245424542
152 7.572537253725373
153 7.476157615761577
154 7.329232923292329
155 7.271897189718972
156 7.194149414941494
157 7.111731173117311
158 6.837673767376738
159 6.793779377937794
160 6.626002600260026
161 6.487148714871487
162 6.42013201320132
163 6.357285728572857
164 6.298659865986599
165 6.182488248824883
166 6.051665166516652
167 5.9108410841084105
168 5.851175117511751
169 5.80923092309231
170 5.718361836183618
171 5.640764076407641
172 5.615621562156216
173 5.565176517651765
174 5.472267226722672
175 5.36017601760176
176 5.284588458845884
177 5.1956695669566955
178 5.157315731573157
179 5.1132113211321135
180 5.025522552255225
181 4.926502650265027
182 4.898349834983498
183 4.827432743274327
184 4.757355735573557
185 4.741954195419542
186 4.686468646864687
187 4.611451145114511
188 4.543254325432543
189 4.523652365236524
190 4.442014201420142
191 4.388048804880488
192 4.339103910391039
193 4.314281428142814
194 4.265096509650965
195 4.214811481148115
196 4.17040704070407
197 4.125412541254126
198 4.094789478947895
199 4.035693569356936
200 3.993279327932793
201 3.9656065606560658
202 3.935753575357536
203 3.8917591759175916
204 3.8515051505150515
205 3.7946094609460945
206 3.7508250825082508
207 3.7097709770977096
208 3.668856885688569
209 3.6033703370337036
210 3.574797479747975
211 3.5383338333833385
212 3.5023802380238025
213 3.4782378237823783
214 3.4604160416041605
215 3.427182718271827
216 3.3946494649464944
217 3.3624862486248626
218 3.321972197219722
219 3.2756375637563755
220 3.2524852485248523
221 3.2136613661366136
222 3.1916691669166917
223 3.1556955695569555
224 3.1356835683568356
225 3.116031603160316
226 3.0997899789979
227 3.0817681768176817
228 3.0486048604860487
229 3.0330833083308333
230 2.9945694569456944
231 2.9836183618361836
232 2.9634563456345635
233 2.947114711471147
234 2.9324332433243323
235 2.911201120112011
236 2.9012701270127015
237 2.8873687368736873
238 2.867086708670867
239 2.8583758375837585
240 2.84002400240024
241 2.826352635263526
242 2.8056305630563054
243 2.7871787178717873
244 2.7648364836483648
245 2.749094909490949
246 2.724882488248825
247 2.7132413241324134
248 2.6963796379637963
249 2.688798879887989
250 2.6762476247624765
251 2.667986798679868
252 2.652995299529953
253 2.6437543754375437
254 2.634043404340434
255 2.617111711171117
256 2.6084108410841083
257 2.604040404040404
258 2.594049404940494
259 2.5877687768776876
260 2.5816881688168816
261 2.571967196719672
262 2.566796679667967
263 2.562046204620462
264 2.5576257625762575
265 2.553845384538454
266 2.5497249724972497
267 2.5445044504450447
268 2.54026402640264
269 2.5344834483448344
270 2.5301730173017303
271 2.5268526852685267
272 2.522942294229423
273 2.517901790179018
274 2.5126812681268125
275 2.5043704370437045
276 2.502700270027003
277 2.495679567956796
278 2.4938793879387937
279 2.4874987498749874
280 2.485088508850885
281 2.47975797579758
282 2.4753375337533754
283 2.473097309730973
284 2.471277127712771
285 2.4666866686668665
286 2.462926292629263
287 2.4597659765976596
288 2.4544854485448546
289 2.452945294529453
290 2.4486748674867487
291 2.4456345634563457
292 2.4449144914491447
293 2.442194219421942
294 2.4386838683868386
295 2.4306830683068306
296 2.4292729272927294
297 2.425062506250625
298 2.4216921692169215
299 2.4165116511651163
300 2.414661466146615
