1 1.8999099909991
2 1.8983198319831984
3 1.8976797679767976
4 1.8972597259725972
5 1.896899689968997
6 1.8966196619661966
7 1.8964196419641963
8 1.8965396539653965
9 1.8966896689668966
10 1.8972397239723973
11 1.898059805980598
12 1.8988598859885988
13 1.9001700170017002
14 1.9021502150215022
15 1.9037503750375038
16 1.9078507850785078
17 1.997129712971297
18 2.0835483548354836
19 2.085048504850485
20 2.0046504650465047
21 2.002120212021202
22 2.0055805580558057
23 2.0946294629462945
24 2.0945194519451946
25 2.0996099609960996
26 2.1013401340134013
27 2.107010701070107
28 2.1702970297029704
29 2.0986198619861987
30 2.1042804280428045
31 2.1737473747374736
32 2.1745374537453745
33 2.2421842184218423
34 2.2407140714071407
35 2.2396939693969395
36 2.2383738373837385
37 2.240894089408941
38 2.1793179317931792
39 2.17959795979598
40 2.1223822382238224
41 2.124872487248725
42 2.126922692269227
43 2.1298229822982297
44 2.185128512851285
45 2.1850785078507853
46 2.1895589558955897
47 2.1931993199319932
48 2.1949094909490947
49 2.2015301530153017
50 2.2007700770077006
51 2.2033303330333034
52 2.2052405240524053
53 2.2052605260526055
54 2.2070807080708073
55 2.2082908290829084
56 2.2085208520852087
57 2.2092909290929095
58 2.2113111311131113
59 2.218071807180718
60 2.2582558255825584
61 2.258895889588959
62 2.258075807580758
63 2.2605760576057605
64 2.26003600360036
65 2.2606260626062604
66 2.2272527252725274
67 2.2275627562756277
68 2.227292729272927
69 2.1927892789278927
70 2.191899189918992
71 2.1982898289828983
72 2.201010101010101
73 2.203020302030203
74 2.2024702470247024
75 2.2047004700470048
76 2.2075907590759076
77 2.2103210321032103
78 2.210931093109311
79 2.2113511351135116
80 2.21011101110111
81 2.2131613161316133
82 2.2112711271127115
83 2.2395639563956395
84 2.2365236523652365
85 2.2582558255825584
86 2.2592259225922593
87 2.2821482148214822
88 2.2805780578057804
89 2.2794279427942796
90 2.2810281028102812
91 2.278137813781378
92 2.2753475347534753
93 2.275017501750175
94 2.272787278727873
95 2.275097509750975
96 2.2746674667466746
97 2.2506550655065505
98 2.2463046304630465
99 2.264126412641264
100 2.2584058405840586
101 2.2548454845484547
102 2.2584958495849583
103 2.2604160416041603
104 2.2629162916291627
105 2.258925892589259
106 2.2593459345934592
107 2.2613061306130615
108 2.2623962396239623
109 2.2642564256425644
110 2.262246224622462
111 2.248014801480148
112 2.2454445444544455
113 2.2464546454645467
114 2.2468446844684467
115 2.248104810481048
116 2.2465546554655464
117 2.2433143314331434
118 2.241654165416542
119 2.2424742474247426
120 2.2412641264126414
121 2.257905790579058
122 2.258005800580058
123 2.2596759675967597
124 2.260746074607461
125 2.261956195619562
126 2.2576057605760576
127 2.258145814581458
128 2.258055805580558
129 2.2597259725972596
130 2.271227122712271
131 2.273157315731573
132 2.2727672767276728
133 2.2746574657465746
134 2.2744374437443744
135 2.3011901190119013
136 2.2977197719771976
137 2.2992799279927993
138 2.2962896289628962
139 2.2935093509350937
140 2.294039403940394
141 2.2955795579557954
142 2.2932093209320934
143 2.2924592459245923
144 2.2914391439143915
145 2.2893989398939896
146 2.2865286528652864
147 2.284088408840884
148 2.2823482348234823
149 2.2827982798279827
150 2.2813081308130814
151 2.278067806780678
152 2.278227822782278
153 2.2764876487648764
154 2.2757075707570755
155 2.272217221722172
156 2.272927292729273
157 2.2678667866786677
158 2.268916891689169
159 2.268676867686769
160 2.264906490649065
161 2.267766776677668
162 2.265126512651265
163 2.2696869686968695
164 2.271987198719872
165 2.2702870287028705
166 2.268826882688269
167 2.2696469646964696
168 2.2694769476947694
169 2.268196819681968
170 2.267046704670467
171 2.2656665666566655
172 2.2653065306530653
173 2.2663566356635663
174 2.2683568356835684
175 2.2683468346834683
176 2.2727472747274726
177 2.2713871387138713
178 2.2715071507150717
179 2.272707270727073
180 2.273347334733473
181 2.273917391739174
182 2.272947294729473
183 2.2744774477447747
184 2.2736873687368737
185 2.274837483748375
186 2.2764176417641764
187 2.276327632763276
188 2.276807680768077
189 2.276967696769677
190 2.276977697769777
191 2.276987698769877
192 2.275927592759276
193 2.274407440744074
194 2.2735173517351734
195 2.2657265726572655
196 2.265776577657766
197 2.2694669466946693
198 2.258965896589659
199 2.2566356635663567
200 2.2564056405640565
201 2.261246124612461
202 2.264296429642964
203 2.265636563656366
204 2.2627162716271627
205 2.2545554555455545
206 2.254095409540954
207 2.2536053605360538
208 2.2552155215521554
209 2.2557855785578558
210 2.2551255125512553
211 2.2466346634663465
212 2.246054605460546
213 2.2497449744974496
214 2.249164916491649
215 2.258835883588359
216 2.25983598359836
217 2.263066306630663
218 2.254605460546055
219 2.2554255425542555
220 2.2519451945194517
221 2.2533553355335534
222 2.254095409540954
223 2.2544054405440543
224 2.254185418541854
225 2.2523052305230524
226 2.251965196519652
227 2.2505450545054506
228 2.2592159215921592
229 2.258075807580758
230 2.2577457745774576
231 2.259045904590459
232 2.259025902590259
233 2.25998599859986
234 2.268916891689169
235 2.275947594759476
236 2.2776177617761775
237 2.2775277527752777
238 2.2727372737273726
239 2.2732573257325734
240 2.273037303730373
241 2.2734073407340736
242 2.273827382738274
243 2.275187518751875
244 2.2740974097409743
245 2.272287228722872
246 2.272707270727073
247 2.2716071607160715
248 2.2694269426942695
249 2.2709170917091708
250 2.2704970497049706
251 2.2672467246724675
252 2.2705370537053704
253 2.271057105710571
254 2.271077107710771
255 2.2744274427442743
256 2.2740874087408742
257 2.2754475447544755
258 2.276387638763876
259 2.2743274327432745
260 2.2723072307230723
261 2.2731673167316733
262 2.2741574157415743
263 2.2733973397339735
264 2.274137413741374
265 2.2767176717671767
266 2.273837383738374
267 2.2713471347134715
268 2.2735273527352735
269 2.273967396739674
270 2.274757475747575
271 2.278027802780278
272 2.279097909790979
273 2.2791179117911793
274 2.2752175217521753
275 2.276887688768877
276 2.276817681768177
277 2.2743474347434742
278 2.2833083308330835
279 2.281008100810081
280 2.283328332833283
281 2.2844584458445842
282 2.2859185918591858
283 2.2863486348634865
284 2.2876287628762877
285 2.2878087808780876
286 2.2873087308730873
287 2.287148714871487
288 2.2875687568756877
289 2.2877687768776878
290 2.2883788378837884
291 2.286658665866587
292 2.2845484548454844
293 2.2846284628462845
294 2.2855085508550856
295 2.2856385638563856
296 2.283908390839084
297 2.282768276827683
298 2.2878187818781877
299 2.2875987598759875
300 2.2924692469246923
