1 0.999
2 0.3059975046299456
3 0.3121447418688714
4 0.33373182463714723
5 0.3502667016868464
6 0.3621900089910393
7 0.3611033187088499
8 0.3625197064276651
9 0.3625246172804437
10 0.36201621153621155
11 0.3580219166767209
12 0.35561908071132725
13 0.35304808838906476
14 0.3487016961436178
15 0.3395703968664759
16 0.33296105443847795
17 0.3253413160366288
18 0.31965721489014204
19 0.31416127319104165
20 0.30855938346126033
21 0.3031837243368463
22 0.2984672685181713
23 0.2933511276230332
24 0.2885699672772924
25 0.28249290250427433
26 0.276994848614306
27 0.27074557884222417
28 0.2659862168178448
29 0.2585556309139891
30 0.25434270590705843
31 0.24946388626402669
32 0.24455348629790302
33 0.23895379133598657
34 0.234223475727807
35 0.2297186414352175
36 0.22509229339598472
37 0.22104627929599216
38 0.2168826006388669
39 0.21316503529021336
40 0.20858980916442027
41 0.20444143286216462
42 0.1999018766038691
43 0.19586593063106295
44 0.191248855861861
45 0.18791200076766112
46 0.18506190452334753
47 0.18119421101435246
48 0.17706369678938186
49 0.17340532119507304
50 0.17016684406843563
51 0.16729532258738225
52 0.1641124709124142
53 0.1605670565131723
54 0.15697791057543567
55 0.15409608720933562
56 0.15111300063195482
57 0.14838158455864936
58 0.1455312031654384
59 0.1430829288112544
60 0.1402750019097428
61 0.13768710818278465
62 0.13430391751973067
63 0.13130409087559128
64 0.12831167019114922
65 0.1254397123553965
66 0.12285147916956506
67 0.12028980287664885
68 0.11776879853239823
69 0.11492503249449285
70 0.11244844376014976
71 0.10978308860764004
72 0.10768615335413588
73 0.10574260909414093
74 0.10342007727045115
75 0.10170750539789476
76 0.09937770978588295
77 0.09729763088990098
78 0.09519684892680802
79 0.0926403275658111
80 0.09070120807160596
81 0.08893152873563384
82 0.0871099983415036
83 0.08544567733793204
84 0.08325823903949887
85 0.0815101511651655
86 0.08000563332151493
87 0.0784359501149816
88 0.07662302374236846
89 0.07515144214431911
90 0.07380607362744636
91 0.0725985499482415
92 0.07123450136440207
93 0.06974515135469933
94 0.06847872876244128
95 0.06720132873258121
96 0.06587653250418433
97 0.06459158568998152
98 0.06338600831308565
99 0.062090832681069234
100 0.061067737381206376
101 0.059769707146248435
102 0.05863385574968249
103 0.057293428456234016
104 0.05626768829844422
105 0.055400063753934255
106 0.05471559088128327
107 0.05374102487254222
108 0.05255560575896379
109 0.05164835804665213
110 0.05074927170525706
111 0.04973851446120694
112 0.04907768277533417
113 0.04827791152668602
114 0.04756832816676367
115 0.04656220703382155
116 0.04591758013211973
117 0.045198791755510066
118 0.04427240218033051
119 0.04374176129828886
120 0.04319422685884634
121 0.04228588006579839
122 0.04183308226049489
123 0.04128199158803063
124 0.040569841022438775
125 0.040147117096802964
126 0.03987158137056645
127 0.03953646897176864
128 0.03900261577841809
129 0.03859908294711887
130 0.038164123680125485
131 0.037923448397688936
132 0.03756919083367786
133 0.03723640289755206
134 0.03701427844787417
135 0.036408305211939704
136 0.036021126455537025
137 0.035587398561300054
138 0.03518870159734618
139 0.03475840315784115
140 0.03417241186366227
141 0.03378530848538233
142 0.0335201197822377
143 0.03331922750719838
144 0.032961788759287944
145 0.032786062155286476
146 0.0327366755899397
147 0.03241958967816142
148 0.0319861036313196
149 0.031730426826838305
150 0.03142692817665213
151 0.03124607155385601
152 0.030983424778207917
153 0.030872235215280923
154 0.030635485308747847
155 0.030424877276689223
156 0.03029335250824534
157 0.03022547646254617
158 0.03010776456517192
159 0.030162933214069793
160 0.02999313976493444
161 0.029787420170964096
162 0.02967127482930345
163 0.029501338706343513
164 0.029276352899776183
165 0.02891925899424931
166 0.028739059588367297
167 0.028664181193554676
168 0.028467296215835148
169 0.028521345355198464
170 0.02823354746657753
171 0.028156652558532
172 0.027992534414893334
173 0.027984119836889938
174 0.027983373632183776
175 0.02787176331121955
176 0.027737415088185665
177 0.027813528383695777
178 0.02769947667640726
179 0.02759529472075084
180 0.02725831437916327
181 0.027243233666604864
182 0.02728687893274383
183 0.027324756752879733
184 0.027307645982835277
185 0.027317053792053906
186 0.027186960851322415
187 0.027084934705654633
188 0.027006319619140167
189 0.026990518492448223
190 0.027028150881396897
191 0.026910184039797093
192 0.026972897534081268
193 0.02693201542608491
194 0.026841869664502655
195 0.026793999474276742
196 0.026724973733792675
197 0.026710023417477694
198 0.02658640648378292
199 0.026514060595961227
200 0.026634473222195462
201 0.02653449403989058
202 0.02651501783771629
203 0.02656858727422968
204 0.02659812698971593
205 0.026690519244457443
206 0.026574536672914005
207 0.02655166030597971
208 0.026607460617613706
209 0.02654423477351063
210 0.026608810936198782
211 0.0266352359360314
212 0.02661183027240364
213 0.02665224102011031
214 0.026666446766000582
215 0.026735750468557626
216 0.026696785792517656
217 0.026651036980288673
218 0.02668013910307093
219 0.026650011254662452
220 0.026597412619121498
221 0.026477200903628626
222 0.02655824103266327
223 0.026515707511755724
224 0.026449651046942996
225 0.026365195245178264
226 0.026436695143149877
227 0.026236157388408315
228 0.026216938586266926
229 0.02617578748508463
230 0.026216049836566814
231 0.026248413754261228
232 0.026259565735203546
233 0.02617574387879519
234 0.02625147296881014
235 0.02611831120384255
236 0.026288577522705144
237 0.026307243431767578
238 0.02629705152529703
239 0.02627912612383415
240 0.02619606327035695
241 0.026234045290613267
242 0.02618702598379332
243 0.026133906217146192
244 0.0261219142893164
245 0.026032985984501864
246 0.02608153437202609
247 0.026112776514634055
248 0.02613732072605398
249 0.02611396242134746
250 0.026082958341098143
251 0.026031986156614846
252 0.026102887265599707
253 0.02607849792350577
254 0.026040658417846557
255 0.025989595151313584
256 0.025958650079857808
257 0.02591566787492526
258 0.025792631657746833
259 0.025840484746314483
260 0.02583663948904913
261 0.0258490888670171
262 0.025832381477264188
263 0.025812983676649526
264 0.025752272855117216
265 0.025825393734951917
266 0.026018927655921825
267 0.026006301187659155
268 0.026053926672589475
269 0.02601719570201251
270 0.02599820553578911
271 0.026016519108803236
272 0.025966796739328023
273 0.025950914309354544
274 0.025978447471879794
275 0.025991053857843484
276 0.026040090609508997
277 0.026142462016726434
278 0.026093757090291377
279 0.02603708428170115
280 0.02607069355035042
281 0.026109517343022037
282 0.026081282822249082
283 0.026109881149280156
284 0.026077505669210594
285 0.02610466362590314
286 0.02596984789636754
287 0.025920561228370696
288 0.025966400155879275
289 0.02590641937736795
290 0.025929493798576054
291 0.0259960481411478
292 0.026050768263490846
293 0.02588632795993248
294 0.025810630100908383
295 0.025879280177691838
296 0.025985487048843334
297 0.025794349927839813
298 0.025894098869776533
299 0.025806600561701313
300 0.0256775106749676
1 0.0
2 0.12199999999999973
3 0.29043333333333365
4 0.44023333333333187
5 0.565959523809523
6 0.6200184704184701
7 0.6723981240981238
8 0.7169997835497831
9 0.7465418359418352
10 0.7698439393939382
11 0.789249139749139
12 0.7998492990669465
13 0.8055163524641848
14 0.8177918572569493
15 0.8192793025515928
16 0.8241497513494401
17 0.8279218321925745
18 0.8273735663436178
19 0.8257837519132719
20 0.8249721077925283
21 0.8200024968356697
22 0.8159088062193063
23 0.809519310539018
24 0.8006769990385508
25 0.796964664990712
26 0.7935304887547471
27 0.7933689735906986
28 0.7903652555931915
29 0.7886647598233878
30 0.7822379237706782
31 0.7783284026640018
32 0.7731729880491808
33 0.770372442687594
34 0.7671976408893372
35 0.7628387227344123
36 0.7573344143745485
37 0.7529060194263868
38 0.7503629709141426
39 0.7465209393389275
40 0.7429451861870214
41 0.7387021544191187
42 0.7326416007381998
43 0.7302530410255054
44 0.7245634993096737
45 0.7198157069876161
46 0.7159520586544511
47 0.7106253285258274
48 0.7084262455160112
49 0.704697550161963
50 0.7014022372467014
51 0.6990028276978769
52 0.695652828025149
53 0.6922675744500937
54 0.6902140701129014
55 0.6873048560187647
56 0.6828743658099008
57 0.6761689750708741
58 0.6698738440705894
59 0.6680290827734421
60 0.6615835772004032
61 0.6564904046822864
62 0.6520100041463673
63 0.6486874232173182
64 0.6437008400046519
65 0.6378560391464034
66 0.6329105485526126
67 0.6263996685584456
68 0.6217003270102804
69 0.6177105229134394
70 0.6125588345284905
71 0.6083770694513091
72 0.6029814025702115
73 0.5973194013998063
74 0.5898371709808417
75 0.584024387701524
76 0.5776252989274437
77 0.5699733254627951
78 0.5642959906814627
79 0.5577695511566575
80 0.5540513028738837
81 0.5457145061887424
82 0.5408228594346384
83 0.5366973013221035
84 0.5306820961111202
85 0.5254878782800159
86 0.5185450693353838
87 0.5137819196194154
88 0.5084058987069917
89 0.5029454969004251
90 0.4984399075209836
91 0.49303180755366577
92 0.4886161753632931
93 0.4832097625847837
94 0.47686948377795035
95 0.47227991688710336
96 0.4664800264043758
97 0.46123893484611317
98 0.45562923867172067
99 0.4503901931540944
100 0.44442545068857375
101 0.43999122329863805
102 0.4335151017331807
103 0.4275474241234195
104 0.4231009997955318
105 0.41863181647473985
106 0.41273683465284045
107 0.40894445920489614
108 0.403352533983451
109 0.3984523603580975
110 0.3935570971375727
111 0.38832752169728085
112 0.384453688416215
113 0.3796236903065996
114 0.3744132786141886
115 0.3697643543393866
116 0.3650605527715876
117 0.35910760720860635
118 0.35476597384761055
119 0.35117558630640316
120 0.345902692834614
121 0.34189536861690556
122 0.3372117275246193
123 0.3340075590702538
124 0.3279979027136919
125 0.3242615258591853
126 0.3207863344497557
127 0.3172994693080013
128 0.31306735082956644
129 0.3089903901303691
130 0.304759193323674
131 0.30070045173801563
132 0.2965421691520058
133 0.2940510612495341
134 0.2909503394619061
135 0.28709987336190723
136 0.2853845722954152
137 0.2825933115586357
138 0.27859570793013233
139 0.27519925578177584
140 0.2710367142559641
141 0.26782143283221016
142 0.26429454982878875
143 0.26150006080179417
144 0.25832174968167754
145 0.2549990587444588
146 0.2522110414557794
147 0.24942337390767352
148 0.2466929690619957
149 0.24400175837493351
150 0.24152704091187754
151 0.238186797654804
152 0.23526047780252615
153 0.232283917157374
154 0.22932517642195163
155 0.22652725319050854
156 0.2243379929619456
157 0.2212227620288685
158 0.21863832285662538
159 0.21700657519825975
160 0.21359142838625858
161 0.21142046180900106
162 0.2086925899997256
163 0.20708629645048068
164 0.20454865804707967
165 0.2019396106699199
166 0.1995954144291578
167 0.19684476726321307
168 0.1942281228699597
169 0.1919000858407655
170 0.18948144637799533
171 0.18665900950031675
172 0.18429968786312187
173 0.18265371553761134
174 0.18096156102870814
175 0.17849172275011518
176 0.17677012969847072
177 0.17536763345574255
178 0.17323146178821414
179 0.17052511259565206
180 0.16844401231459602
181 0.16672393473070196
182 0.16541729354204257
183 0.16340057079335624
184 0.16228420141140035
185 0.16075372924020065
186 0.15810280925391895
187 0.15655295636259986
188 0.15483518624467107
189 0.15208830291654366
190 0.14987785901239983
191 0.1481965922086492
192 0.14642153730129712
193 0.1443786981157619
194 0.142570588683519
195 0.1405935280722979
196 0.13860004956063368
197 0.1370907350314107
198 0.13532555022388865
199 0.133921451152445
200 0.13199774238194278
201 0.13037389163911786
202 0.12847413913068895
203 0.12714211380851168
204 0.1260554170103625
205 0.12432861037315257
206 0.12281397779288604
207 0.12179915184046161
208 0.12026320657156947
209 0.11876840454425353
210 0.117513695507311
211 0.11594298515507231
212 0.11453455790582953
213 0.11361407890842451
214 0.11244009732316425
215 0.11185750102591482
216 0.11062917427020068
217 0.11002650661902799
218 0.1092380476614602
219 0.10813036770292901
220 0.10713530391657232
221 0.10595585132583386
222 0.10476238907979729
223 0.10383334982075222
224 0.10256558106844736
225 0.10124743170310731
226 0.10034275441070115
227 0.09922973800267969
228 0.09842953534107836
229 0.09767391087675159
230 0.09669839443834434
231 0.09542068660464796
232 0.09413353184295326
233 0.09321907045061673
234 0.0924246854201469
235 0.09149537545817094
236 0.09101371119719576
237 0.08998478624683046
238 0.08897397559345253
239 0.08800393063990052
240 0.08732581161366335
241 0.08696725291866168
242 0.08601760641702809
243 0.0850125775816712
244 0.08397250809423733
245 0.08313477447362079
246 0.0821905092139562
247 0.08141389520628611
248 0.08064694972743121
249 0.08021007145331507
250 0.07964859775964475
251 0.07899971847644517
252 0.07843325185185591
253 0.07743769775264095
254 0.0765427118534262
255 0.07575097193476218
256 0.07485970735642251
257 0.07404739703833906
258 0.07333907576378183
259 0.07270185454247582
260 0.07179451533653171
261 0.07095330288413891
262 0.07026482898039967
263 0.06935408499559145
264 0.06866719236406425
265 0.06802453910243929
266 0.06725209686722058
267 0.06640377095064244
268 0.06591886268128748
269 0.06508022724678741
270 0.06449855336978408
271 0.06394316960370257
272 0.0633818445742806
273 0.06275671465787352
274 0.06186114121393949
275 0.06117300875555682
276 0.060224466824285075
277 0.05955653685776149
278 0.05901213272414922
279 0.058754948995104195
280 0.05830651975071193
281 0.05768552030486861
282 0.05693185474624232
283 0.05630891430871683
284 0.05590208474638156
285 0.05557424117701555
286 0.055053153188426004
287 0.05466293108436217
288 0.05446982451751541
289 0.0542305351051675
290 0.05382145352813475
291 0.05313496822351541
292 0.05281340261654146
293 0.05231170381174407
294 0.051869169253624184
295 0.05144613323822665
296 0.05092024714866739
297 0.05050187934575068
298 0.05024722913001181
299 0.049794831421261
300 0.049398511314754756
