1 1.8999099909991
2 1.8985598559855985
3 1.898009800980098
4 1.8982598259825982
5 1.8991099109910992
6 1.9006000600060007
7 1.998949894989499
8 2.0001600160016
9 2.0036503650365036
10 2.0085908590859085
11 2.0121412141214123
12 2.0151815181518153
13 2.0218321832183217
14 2.1204520452045204
15 2.1324332433243325
16 2.0541754175417544
17 2.063756375637564
18 2.073107310731073
19 2.082148214821482
20 2.0885388538853884
21 2.095969596959696
22 2.104040404040404
23 2.1136613661366135
24 2.1225122512251224
25 2.1294529452945294
26 2.1362636263626364
27 2.1474347434743475
28 2.157795779577958
29 2.3227922792279228
30 2.327182718271827
31 2.3367036703670365
32 2.341854185418542
33 2.2837383738373838
34 2.2944694469446945
35 2.356945694569457
36 2.3615161516151617
37 2.4324832483248326
38 2.434913491349135
39 2.4393639363936392
40 2.4442544254425442
41 2.5066406640664067
42 2.574227422742274
43 2.5734373437343736
44 2.578267826782678
45 2.5775877587758775
46 2.5796379637963796
47 2.5774377437743774
48 2.5795279527952797
49 2.57994799479948
50 2.5831783178317833
51 2.5832383238323833
52 2.5822482248224823
53 2.5374937493749377
54 2.484998499849985
55 2.490919091909191
56 2.491659165916592
57 2.491659165916592
58 2.4558055805580556
59 2.4552955295529553
60 2.456775677567757
61 2.4578657865786577
62 2.5108710871087108
63 2.54987498749875
64 2.5525852585258524
65 2.590649064906491
66 2.625982598259826
67 2.5916691669166916
68 2.5918791879187917
69 2.563266326632663
70 2.5642164216421643
71 2.5636063606360637
72 2.5637063706370635
73 2.561086108610861
74 2.5596259625962596
75 2.5593959395939594
76 2.5581258125812583
77 2.5824482448244823
78 2.5772277227722773
79 2.573977397739774
80 2.5743374337433744
81 2.602680268026803
82 2.601180118011801
83 2.6035403540354034
84 2.628802880288029
85 2.6543854385438546
86 2.6563456345634564
87 2.654835483548355
88 2.653125312531253
89 2.6507450745074506
90 2.647114711471147
91 2.6495649564956496
92 2.622902290229023
93 2.621572157215722
94 2.622132213221322
95 2.622712271227123
96 2.6204220422042206
97 2.62036203620362
98 2.6205720572057207
99 2.6166516651665166
100 2.616751675167517
101 2.6154815481548153
102 2.5913191319131914
103 2.5934993499349934
104 2.591159115911591
105 2.592409240924092
106 2.571997199719972
107 2.594019401940194
108 2.591829182918292
109 2.5914291429142913
110 2.611021102110211
111 2.61003100310031
112 2.6272527252725273
113 2.6252625262526252
114 2.627992799279928
115 2.6273827382738273
116 2.6243724372437245
117 2.6215221522152214
118 2.623982398239824
119 2.622692269226923
120 2.6212321232123212
121 2.6212621262126214
122 2.6193619361936196
123 2.618301830183018
124 2.617671767176718
125 2.617051705170517
126 2.616771677167717
127 2.6145714571457144
128 2.6101410141014103
129 2.611041104110411
130 2.6112511251125112
131 2.6127112711271128
132 2.6114911491149115
133 2.609180918091809
134 2.6063806380638064
135 2.607110711071107
136 2.6079507950795078
137 2.61001100110011
138 2.6118411841184117
139 2.611101110111011
140 2.609060906090609
141 2.609070907090709
142 2.6072907290729073
143 2.6075307530753076
144 2.6036103610361034
145 2.6019301930193017
146 2.5884588458845883
147 2.584868486848685
148 2.5839583958395838
149 2.5846084608460846
150 2.581988198819882
151 2.594829482948295
152 2.5962896289628965
153 2.595029502950295
154 2.5934093409340933
155 2.5895189518951893
156 2.588748874887489
157 2.592109210921092
158 2.594039403940394
159 2.595309530953095
160 2.5954095409540954
161 2.5968296829682966
162 2.598199819981998
163 2.5985698569856988
164 2.5973997399739974
165 2.5965796579657967
166 2.5945894589458947
167 2.5957795779577957
168 2.595119511951195
169 2.5934293429342934
170 2.5956595659565957
171 2.5961996199619963
172 2.5968396839683967
173 2.5937893789378936
174 2.593209320932093
175 2.593999399939994
176 2.595009500950095
177 2.5966896689668966
178 2.5994099409940996
179 2.5995999599959996
180 2.5994199419941992
181 2.596899689968997
182 2.5985498549854986
183 2.5983098309830983
184 2.597959795979598
185 2.599209920992099
186 2.600890089008901
187 2.602090209020902
188 2.600960096009601
189 2.605160516051605
190 2.6033603360336035
191 2.6014401440144015
192 2.602900290029003
193 2.598949894989499
194 2.5956495649564957
195 2.5965596559655966
196 2.596929692969297
197 2.5995399539953996
198 2.6003000300030004
199 2.5968296829682966
200 2.5944594459445947
201 2.595929592959296
202 2.595169516951695
203 2.5933493349334933
204 2.5975697569756977
205 2.5995399539953996
206 2.5983998399839985
207 2.5993599359935993
208 2.6013501350135013
209 2.603180318031803
210 2.601990199019902
211 2.6025802580258026
212 2.6013901390139016
213 2.5992999299929993
214 2.599349934993499
215 2.6014301430143014
216 2.601060106010601
217 2.6010801080108013
218 2.5998899889989
219 2.602930293029303
220 2.6002200220022003
221 2.6007500750075008
222 2.603010301030103
223 2.602880288028803
224 2.595059505950595
225 2.6036203620362035
226 2.5955495549554954
227 2.6047504750475046
228 2.605030503050305
229 2.604290429042904
230 2.6066706670667066
231 2.604800480048005
232 2.6037603760376036
233 2.602910291029103
234 2.6002900290029003
235 2.6012101210121013
236 2.6033503350335034
237 2.6053405340534055
238 2.6073907390739075
239 2.6076007600760076
240 2.60998099809981
241 2.6115111511151117
242 2.6124912491249126
243 2.6115011501150116
244 2.6006800680068007
245 2.596989698969897
246 2.5944494449444946
247 2.598939893989399
248 2.6023302330233022
249 2.602240224022402
250 2.6054205420542056
251 2.6015401540154017
252 2.6014701470147013
253 2.605160516051605
254 2.6034603460346033
255 2.601070107010701
256 2.608990899089909
257 2.6094109410941093
258 2.6107010701070106
259 2.6167416741674168
260 2.6158115811581157
261 2.6166516651665166
262 2.6168616861686167
263 2.617101710171017
264 2.6168016801680167
265 2.6154115411541152
266 2.6171517151715173
267 2.617171717171717
268 2.6198319831983197
269 2.623962396239624
270 2.621832183218322
271 2.6216621662166215
272 2.6224522452245225
273 2.6253525352535254
274 2.6226522652265225
275 2.6215421542154216
276 2.6227922792279226
277 2.621862186218622
278 2.624962496249625
279 2.6156015601560156
280 2.616331633163316
281 2.6171517151715173
282 2.6183718371837186
283 2.6188518851885187
284 2.6195519551955195
285 2.61995199519952
286 2.6245324532453247
287 2.622062206220622
288 2.619041904190419
289 2.6204020402040205
290 2.6216821682168217
291 2.620982098209821
292 2.6236023602360237
293 2.6266326632663266
294 2.625862586258626
295 2.625192519251925
296 2.6256925692569255
297 2.6257725772577256
298 2.622762276227623
299 2.6225222522252225
300 2.629192919291929
1 2500.2500250025
2 2330.854115411541
3 2011.565686568657
4 1744.1749774977498
5 1517.048594859486
6 1351.7191419141914
7 1209.050205020502
8 1077.9848084808482
9 975.4706770677068
10 887.3755875587559
11 806.9724772477248
12 735.9485348534854
13 675.3249924992499
14 622.267806780678
15 581.5084208420842
16 533.7582358235824
17 497.4962496249625
18 462.9506750675067
19 430.583298329833
20 408.2989198919892
21 379.6111211121112
22 352.65862586258623
23 335.2943294329433
24 313.75636563656366
25 295.7150715071507
26 280.8290729072907
27 264.15297529752974
28 248.63860386038604
29 236.28470847084708
30 223.39105910591059
31 211.01282128212821
32 198.7740474047405
33 186.57926792679268
34 176.40603060306032
35 168.6035303530353
36 158.07142714271427
37 149.5039703970397
38 142.63017301730173
39 136.24992499249925
40 130.3933793379338
41 124.18950895089509
42 120.11443144314431
43 115.30737073707371
44 108.06700670067006
45 103.28511851185118
46 99.68398839883989
47 97.09132913291329
48 93.97571757175717
49 90.53844384438443
50 87.4956795679568
51 84.22136213621363
52 82.24876487648766
53 79.86985698569858
54 77.73806380638064
55 75.12054205420542
56 73.41591159115912
57 71.48677867786779
58 68.63517351735173
59 67.53403340334033
60 65.43030303030304
61 62.96036603660366
62 61.800870087008704
63 60.34306430643064
64 58.687058705870584
65 57.44568456845685
66 56.14651465146515
67 55.458325832583256
68 53.731763176317635
69 52.16981698169817
70 51.07410741074107
71 49.75930593059306
72 48.23184318431843
73 47.72474247424743
74 46.51926192619262
75 44.94065406540654
76 43.93680368036804
77 43.63233323332333
78 43.502100210021005
79 42.10894089408941
80 40.931453145314535
81 40.26603660366037
82 38.78278827882788
83 38.487438743874385
84 37.617261726172615
85 37.18699869986999
86 36.917211721172116
87 36.81945194519452
88 35.05267526752675
89 34.21929192919292
90 33.93970397039704
91 33.68588858885889
92 32.123812381238125
93 31.70969096909691
94 31.504810481048104
95 31.093509350935093
96 30.197129712971297
97 29.910801080108012
98 29.37887788778878
99 28.900350035003502
100 28.62207220722072
101 28.221782178217822
102 28.04902490249025
103 27.3000800080008
104 26.033903390339034
105 25.44879487948795
106 25.212221222122214
107 24.925092509250923
108 25.006620662066208
109 24.86149614961496
110 24.434783478347835
111 24.29119911991199
112 23.531753175317533
113 23.408210821082108
114 22.766136613661367
115 21.97231723172317
116 21.71882188218822
117 21.412391239123913
118 21.070847084708472
119 20.737063706370638
120 20.233453345334535
121 20.095739573957395
122 20.01316131613161
123 19.744444444444444
124 19.30924092409241
125 18.82939293929393
126 18.76096609660966
127 18.24278427842784
128 18.098439843984398
129 17.8999399939994
130 17.86166616661666
131 17.454745474547455
132 17.094749474947495
133 16.650695069506952
134 16.38995899589959
135 16.227352735273527
136 16.154685468546855
137 15.891619161916191
138 15.833233323332333
139 15.813651365136513
140 15.278837883788379
141 15.07103710371037
142 14.817621762176218
143 14.336753675367536
144 14.241544154415442
145 14.026882688268827
146 13.928092809280928
147 13.45001500150015
148 13.37029702970297
149 13.14048404840484
150 13.157855785578558
151 13.06011601160116
152 12.86026602660266
153 12.773617361736173
154 12.554365436543655
155 12.40942094209421
156 12.356295629562956
157 12.080718071807182
158 11.923312331233124
159 11.76066606660666
160 11.496409640964096
161 11.417861786178618
162 11.181968196819682
163 11.134853485348534
164 10.693109310931094
165 10.524672467246726
166 10.472737273727374
167 10.43915391539154
168 10.248204820482048
169 10.007280728072807
170 9.95025502550255
171 9.878057805780578
172 9.77035703570357
173 9.634393439343935
174 9.503940394039404
175 9.472897289728973
176 9.482108210821082
177 9.364156415641563
178 9.216611661166116
179 8.97998799879988
180 8.94102410241024
181 8.932963296329634
182 8.781298129812981
183 8.658205820582058
184 8.505340534053405
185 8.465756575657565
186 8.345354535453545
187 8.293699369936993
188 8.115561556155615
189 7.896149614961496
190 7.885278527852785
191 7.856355635563556
192 7.774567456745674
193 7.661026102610261
194 7.513951395139514
195 7.409640964096409
196 7.383018301830183
197 7.352265226522652
198 7.318651865186519
199 7.261406140614062
200 7.2817181718171815
201 7.220982098209821
202 7.124852485248525
203 7.028112811281128
204 6.9830183018301835
205 6.903860386038604
206 6.872697269726973
207 6.78993899389939
208 6.702320232023203
209 6.622012201220122
210 6.542694269426943
211 6.476187618761876
212 6.412911291129113
213 6.33939393939394
214 6.261696169616962
215 6.163346334633463
216 6.136013601360136
217 6.082028202820282
218 6.020962096209621
219 5.990929092909291
220 5.943184318431843
221 5.874597459745974
222 5.801360136013601
223 5.690709070907091
224 5.637903790379038
225 5.542444244424442
226 5.487238723872387
227 5.424792479247925
228 5.373767376737674
229 5.332963296329633
230 5.321702170217022
231 5.228502850285029
232 5.1613161316131615
233 5.112691269126913
234 5.081898189818982
235 5.052475247524752
236 5.031403140314032
237 4.981128112811281
238 4.906250625062507
239 4.862196219621962
240 4.803590359035904
241 4.768586858685868
242 4.731293129312931
243 4.705170517051705
244 4.661086108610861
245 4.633633363336334
246 4.605120512051205
247 4.612731273127313
248 4.575957595759576
249 4.568256825682568
250 4.516051605160516
251 4.494559455945595
252 4.478727872787279
253 4.444244424442444
254 4.423232323232323
255 4.358025802580258
256 4.303810381038104
257 4.2693069306930695
258 4.24977497749775
259 4.235893589358936
260 4.1946194619461945
261 4.175887588758876
262 4.131563156315631
263 4.114601460146015
264 4.102950295029503
265 4.08039803980398
266 4.045514551455145
267 4.001360136013601
268 3.975217521752175
269 3.950915091509151
270 3.9246324632463248
271 3.898929892989299
272 3.86985698569857
273 3.853965396539654
274 3.8227722772277226
275 3.807180718071807
276 3.778897889788979
277 3.755235523552355
278 3.727032703270327
279 3.716601660166017
280 3.6872087208720874
281 3.672067206720672
282 3.6353335333533354
283 3.60961096109611
284 3.601260126012601
285 3.601000100010001
286 3.5842384238423843
287 3.554185418541854
288 3.5355335533553354
289 3.531013101310131
290 3.512151215121512
291 3.484158415841584
292 3.4693169316931693
293 3.4504750475047503
294 3.4307530753075306
295 3.3998599859986
296 3.3695869586958698
297 3.358195819581958
298 3.3494649464946495
299 3.3245324532453244
300 3.294999499949995
