1 2500.2500250025
2 2330.854115411541
3 2011.565686568657
4 1744.1749774977498
5 1517.048594859486
6 1351.7191419141914
7 1209.050205020502
8 1077.9848084808482
9 975.4706770677068
10 887.3755875587559
11 806.9724772477248
12 735.9485348534854
13 675.3249924992499
14 622.267806780678
15 581.5084208420842
16 533.7582358235824
17 497.4962496249625
18 462.2301430143014
19 426.218501850185
20 399.84734473447344
21 372.7001700170017
22 350.6904590459046
23 327.82667266726673
24 307.34161416141615
25 289.6114711471147
26 272.38726872687266
27 256.3659465946595
28 240.42848284828483
29 227.46214621462147
30 216.0977197719772
31 203.62302230223023
32 190.37811781178118
33 180.4906190619062
34 173.5807780778078
35 162.45387538753874
36 151.83884388438844
37 146.84921492149215
38 139.73356335633562
39 132.5948794879488
40 126.64445444544454
41 122.23107310731073
42 117.12545254525453
43 111.62783278327832
44 107.36524652465246
45 103.27859785978598
46 99.2006800680068
47 95.56712671267127
48 89.85963596359636
49 86.15685568556856
50 83.56704670467046
51 80.12273227322733
52 76.76932693269328
53 73.43510351035104
54 69.89899989999
55 67.71236123612361
56 65.27760776077608
57 63.73390339033904
58 62.196099609960996
59 60.225392539253924
60 58.56180618061806
61 57.14908490849085
62 54.675047504750474
63 53.47117711771177
64 52.19457945794579
65 50.233323332333235
66 49.55456545654565
67 47.9008600860086
68 46.444774477447744
69 44.68424842484249
70 44.13138313831383
71 43.511621162116214
72 41.91115111511151
73 40.63255325532553
74 39.02633263326333
75 39.20453045304531
76 37.62175217521752
77 37.54775477547755
78 37.14438443844384
79 35.59268926892689
80 34.80560056005601
81 34.85448544854486
82 33.791279127912794
83 33.35713571357136
84 32.465496549654965
85 32.31411141114111
86 31.547104710471046
87 30.83109310931093
88 30.798909890989098
89 30.196669666966695
90 30.16219621962196
91 29.513741374137414
92 29.232743274327433
93 28.425012501250126
94 27.553995399539954
95 27.313011301130114
96 26.80868086808681
97 26.224122412241226
98 25.912621262126212
99 25.62031203120312
100 25.3986898689869
101 24.81153115311531
102 24.377157715771578
103 24.523702370237025
104 24.06879687968797
105 23.753435343534353
106 23.546964696469647
107 23.235023502350234
108 23.07098709870987
109 22.618091809180918
110 22.594369436943694
111 21.65039503950395
112 21.473707370737074
113 21.14822482248225
114 20.727562756275628
115 20.500410041004102
116 20.297999799979998
117 20.105580558055806
118 20.042344234423442
119 19.78029802980298
120 19.40979097909791
121 18.9987598759876
122 18.776607660766075
123 18.499289928992898
124 18.09245924592459
125 17.84963496349635
126 17.38062806280628
127 17.134393439343935
128 17.075217521752176
129 17.03892389238924
130 16.8982598259826
131 16.41783178317832
132 16.298429842984298
133 16.085648564856484
134 16.012841284128413
135 15.79106910691069
136 15.767766776677668
137 15.593769376937693
138 15.432063206320633
139 15.368176817681768
140 15.057215721572158
141 14.783968396839684
142 14.62867286728673
143 14.366906690669067
144 14.187108710871087
145 14.038943894389439
146 13.89005900590059
147 13.914601460146015
148 13.707750775077507
149 13.656505650565057
150 13.311941194119411
151 13.112021202120212
152 13.026632663266327
153 12.791099109910991
154 12.641544154415442
155 12.532443244324432
156 12.47023702370237
157 12.402050205020503
158 11.916671667166717
159 11.84008400840084
160 11.795389538953895
161 11.697349734973498
162 11.547304730473048
163 11.538183818381839
164 11.54121412141214
165 11.309200920092009
166 11.12001200120012
167 10.971647164716472
168 10.817721772177217
169 10.811791179117911
170 10.763826382638264
171 10.692869286928692
172 10.648554855485548
173 10.566456645664566
174 10.532113211321132
175 10.496059605960596
176 10.232293229322933
177 10.200540054005401
178 10.07012701270127
179 10.001660166016602
180 9.963276327632764
181 9.76915691569157
182 9.784888488848885
183 9.68954895489549
184 9.421222122212221
185 9.335783578357836
186 9.311181118111811
187 9.29005900590059
188 9.211891189118912
189 9.124962496249625
190 8.924752475247525
191 8.881948194819483
192 8.79041904190419
193 8.771787178717872
194 8.727342734273428
195 8.714401440144014
196 8.517911791179118
197 8.477757775777578
198 8.32007200720072
199 8.266556655665566
200 8.254715471547154
201 8.168056805680568
202 8.037333733373337
203 8.004040404040405
204 7.942464246424643
205 7.880368036803681
206 7.838803880388038
207 7.753585358535854
208 7.6385838583858385
209 7.593809380938094
210 7.501110111011101
211 7.499349934993499
212 7.443164316431643
213 7.3298329832983296
214 7.191909190919092
215 7.064546454645464
216 7.051405140514051
217 7.0198919891989195
218 6.933773377337734
219 6.914221422142214
220 6.885708570857085
221 6.8371037103710375
222 6.812671267126713
223 6.71991199119912
224 6.697889788978898
225 6.644254425442544
226 6.657425742574257
227 6.667426742674268
228 6.596339633963396
229 6.583778377837784
230 6.506040604060406
231 6.444864486448645
232 6.425232523252325
233 6.346334633463346
234 6.227912791279128
235 6.174847484748475
236 6.135893589358936
237 5.988338833883389
238 5.957065706570657
239 5.882948294829483
240 5.86008600860086
241 5.7876587658765875
242 5.756195619561956
243 5.747574757475747
244 5.6795579557955795
245 5.645504550455046
246 5.560376037603761
247 5.546544654465446
248 5.522002200220022
249 5.492249224922492
250 5.47978797879788
251 5.4598759875987595
252 5.437273727372737
253 5.408760876087609
254 5.38002800280028
255 5.34997499749975
256 5.333413341334134
257 5.31980198019802
258 5.306400640064006
259 5.19035903590359
260 5.134333433343334
261 5.126242624262426
262 5.096579657965797
263 5.043964396439644
264 5.011071107110711
265 4.95043504350435
266 4.924262426242624
267 4.883958395839584
268 4.824792479247924
269 4.826852685268527
270 4.806620662066207
271 4.7691769176917695
272 4.675447544754475
273 4.648334833483348
274 4.596609660966097
275 4.556965696569657
276 4.551235123512352
277 4.545494549454945
278 4.520602060206021
279 4.507620762076208
280 4.465856585658566
281 4.456625662566257
282 4.440814081408141
283 4.427492749274927
284 4.40997099709971
285 4.395319531953195
286 4.372457245724572
287 4.340604060406041
288 4.320462046204621
289 4.297629762976298
290 4.256435643564356
291 4.223662366236623
292 4.191869186918692
293 4.170457045704571
294 4.15007500750075
295 4.137143714371438
296 4.133773377337734
297 4.112611261126113
298 4.054415441544155
299 4.0353635363536355
300 4.013011301130113
